onset_div	duration_div	onset_beat	pitch	tpc	step	alter	beat_float	downbeat	is_downbeat	ts_beats	ts_beat_type	staff	voice	duration	is_note_onset	ks_fifths	mc	mc_playthrough	mn	mn_playthrough	octave	quarterbeats_playthrough	section_start	a_isOnset	cadence	cadence_type	phraseend	a_phraseend	unfolded_harmony_index	label	globalkey	localkey	pedal	chord	numeral	form	figbass	changes	relativeroot	chord_type	globalkey_is_minor	localkey_is_minor	chord_tones	added_tones	root	bass_note	globalkey_mode	localkey_mode	localkey_resolved	localkey_and_mode	root_roman	relativeroot_resolved	effective_localkey	effective_localkey_resolved	effective_localkey_is_minor	chord_reduced	chord_reduced_and_mode	pedal_resolved	chord_and_mode	applied_to_numeral	numeral_or_applied_to_numeral	a_simpleNumeral	a_degree1	a_degree2	globalkey_tpc	localkey_tpc	tonicized_tpc	root_tpc	bass_note_tpc	a_root	a_bass	a_localKey	a_tonicizedKey	a_quality	a_inversion	valid_chord_label	valid_cadence_label	valid_phrase_label	valid_pedal_point_label	valid_section_start_label	sic_with_global	sic_with_local	sic_with_tonicized	note_degree	tpc_is_in_label	tpc_is_root	tpc_is_bass
16	8	2.0	55	1	G	0	3.0	3	True	3	2	3	1	1/2	True	-1	1	1	1	1a	3	4	False	True			{	False	0	Bb.vi.i{	Bb	vi		i	i					m	False	True	(0, -3, 1)	()	0	0	major	minor	vi	vi, major	i		vi	vi	True	i	i, minor		i, minor		i	i	1		-2	1	1	1	1	G	G	G	G	minor triad	0	True	True	True	True	True	3	0	0	1	True	True	True
16	8	2.0	55	1	G	0	3.0	3	True	3	2	4	1	1/2	True	-1	1	1	1	1a	3	4	False	True			{	False	0	Bb.vi.i{	Bb	vi		i	i					m	False	True	(0, -3, 1)	()	0	0	major	minor	vi	vi, major	i		vi	vi	True	i	i, minor		i, minor		i	i	1		-2	1	1	1	1	G	G	G	G	minor triad	0	True	True	True	True	True	3	0	0	1	True	True	True
16	8	2.0	70	-2	B	-1	3.0	3	True	3	2	2	1	1/2	True	-1	1	1	1	1a	4	4	False	True			{	False	0	Bb.vi.i{	Bb	vi		i	i					m	False	True	(0, -3, 1)	()	0	0	major	minor	vi	vi, major	i		vi	vi	True	i	i, minor		i, minor		i	i	1		-2	1	1	1	1	G	G	G	G	minor triad	0	True	True	True	True	True	0	-3	-3	3	True	False	False
16	8	2.0	74	2	D	0	3.0	3	True	3	2	1	1	1/2	True	-1	1	1	1	1a	5	4	False	True			{	False	0	Bb.vi.i{	Bb	vi		i	i					m	False	True	(0, -3, 1)	()	0	0	major	minor	vi	vi, major	i		vi	vi	True	i	i, minor		i, minor		i	i	1		-2	1	1	1	1	G	G	G	G	minor triad	0	True	True	True	True	True	4	1	1	5	True	False	False
24	16	3.0	54	6	F	1	1.0	1	True	3	2	3	1	1	True	-1	2	2	2	2a	3	6	False	True				False	1	V6	Bb	vi		V6	V		6			M	False	True	(5, 2, 1)	()	1	5	major	minor	vi	vi, major	V		vi	vi	True	V6	V6, minor		V6, minor		V	V	5		-2	1	1	2	6	D	F#	G	G	major triad	1	True	True	True	True	True	8	5	5	#7	True	False	True
24	16	3.0	54	6	F	1	1.0	1	True	3	2	4	1	1	True	-1	2	2	2	2a	3	6	False	True				False	1	V6	Bb	vi		V6	V		6			M	False	True	(5, 2, 1)	()	1	5	major	minor	vi	vi, major	V		vi	vi	True	V6	V6, minor		V6, minor		V	V	5		-2	1	1	2	6	D	F#	G	G	major triad	1	True	True	True	True	True	8	5	5	#7	True	False	True
24	16	3.0	69	3	A	0	1.0	1	True	3	2	2	1	1	True	-1	2	2	2	2a	4	6	False	True				False	1	V6	Bb	vi		V6	V		6			M	False	True	(5, 2, 1)	()	1	5	major	minor	vi	vi, major	V		vi	vi	True	V6	V6, minor		V6, minor		V	V	5		-2	1	1	2	6	D	F#	G	G	major triad	1	True	True	True	True	True	5	2	2	2	True	False	False
24	16	3.0	74	2	D	0	1.0	1	True	3	2	1	1	1	True	-1	2	2	2	2a	5	6	False	True				False	1	V6	Bb	vi		V6	V		6			M	False	True	(5, 2, 1)	()	1	5	major	minor	vi	vi, major	V		vi	vi	True	V6	V6, minor		V6, minor		V	V	5		-2	1	1	2	6	D	F#	G	G	major triad	1	True	True	True	True	True	4	1	1	5	True	True	False
40	8	5.0	53	-1	F	0	3.0	3	True	3	2	3	1	1/2	True	-1	2	2	2	2a	3	10	False	True				False	2	v6	Bb	vi		v6	v		6			m	False	True	(-2, 2, 1)	()	1	-2	major	minor	vi	vi, major	v		vi	vi	True	v6	v6, minor		v6, minor		v	v	5		-2	1	1	2	-1	D	F	G	G	minor triad	1	True	True	True	True	True	1	-2	-2	7	True	False	True
40	8	5.0	53	-1	F	0	3.0	3	True	3	2	4	1	1/2	True	-1	2	2	2	2a	3	10	False	True				False	2	v6	Bb	vi		v6	v		6			m	False	True	(-2, 2, 1)	()	1	-2	major	minor	vi	vi, major	v		vi	vi	True	v6	v6, minor		v6, minor		v	v	5		-2	1	1	2	-1	D	F	G	G	minor triad	1	True	True	True	True	True	1	-2	-2	7	True	False	True
40	8	5.0	69	3	A	0	3.0	3	True	3	2	2	1	1/2	True	-1	2	2	2	2a	4	10	False	True				False	2	v6	Bb	vi		v6	v		6			m	False	True	(-2, 2, 1)	()	1	-2	major	minor	vi	vi, major	v		vi	vi	True	v6	v6, minor		v6, minor		v	v	5		-2	1	1	2	-1	D	F	G	G	minor triad	1	True	True	True	True	True	5	2	2	2	True	False	False
40	8	5.0	74	2	D	0	3.0	3	True	3	2	1	1	1/2	True	-1	2	2	2	2a	5	10	False	True				False	2	v6	Bb	vi		v6	v		6			m	False	True	(-2, 2, 1)	()	1	-2	major	minor	vi	vi, major	v		vi	vi	True	v6	v6, minor		v6, minor		v	v	5		-2	1	1	2	-1	D	F	G	G	minor triad	1	True	True	True	True	True	4	1	1	5	True	True	False
48	24	6.0	51	-3	E	-1	1.0	1	True	3	2	3	1	3/2	True	-1	3	3	3	3a	3	12	False	True				False	3	iv6(2)	Bb	vi		iv6(2)	iv		6	2		m	False	True	(-4, 0, 1)	()	-1	-4	major	minor	vi	vi, major	iv		vi	vi	True	iv6	iv6, minor		iv6(2), minor		iv	iv	4		-2	1	1	0	-3	C	Eb	G	G	minor triad	1	True	True	True	True	True	-1	-4	-4	6	True	False	True
48	24	6.0	51	-3	E	-1	1.0	1	True	3	2	4	1	3/2	True	-1	3	3	3	3a	3	12	False	True				False	3	iv6(2)	Bb	vi		iv6(2)	iv		6	2		m	False	True	(-4, 0, 1)	()	-1	-4	major	minor	vi	vi, major	iv		vi	vi	True	iv6	iv6, minor		iv6(2), minor		iv	iv	4		-2	1	1	0	-3	C	Eb	G	G	minor triad	1	True	True	True	True	True	-1	-4	-4	6	True	False	True
48	8	6.0	67	1	G	0	1.0	1	True	3	2	2	1	1/2	True	-1	3	3	3	3a	4	12	False	True				False	3	iv6(2)	Bb	vi		iv6(2)	iv		6	2		m	False	True	(-4, 0, 1)	()	-1	-4	major	minor	vi	vi, major	iv		vi	vi	True	iv6	iv6, minor		iv6(2), minor		iv	iv	4		-2	1	1	0	-3	C	Eb	G	G	minor triad	1	True	True	True	True	True	3	0	0	1	True	False	False
48	8	6.0	74	2	D	0	1.0	1	True	3	2	1	1	1/2	True	-1	3	3	3	3a	5	12	False	True				False	3	iv6(2)	Bb	vi		iv6(2)	iv		6	2		m	False	True	(-4, 0, 1)	()	-1	-4	major	minor	vi	vi, major	iv		vi	vi	True	iv6	iv6, minor		iv6(2), minor		iv	iv	4		-2	1	1	0	-3	C	Eb	G	G	minor triad	1	True	True	True	True	True	4	1	1	5	True	False	False
56	12	7.0	67	1	G	0	2.0	2	True	3	2	2	1	3/4	True	-1	3	3	3	3a	4	14	False	True				False	4	iv6	Bb	vi		iv6	iv		6			m	False	True	(-4, 0, -1)	()	-1	-4	major	minor	vi	vi, major	iv		vi	vi	True	iv6	iv6, minor		iv6, minor		iv	iv	4		-2	1	1	0	-3	C	Eb	G	G	minor triad	1	True	True	True	True	True	3	0	0	1	True	False	False
56	16	7.0	72	0	C	0	2.0	2	True	3	2	1	1	1	True	-1	3	3	3	3a	5	14	False	True				False	4	iv6	Bb	vi		iv6	iv		6			m	False	True	(-4, 0, -1)	()	-1	-4	major	minor	vi	vi, major	iv		vi	vi	True	iv6	iv6, minor		iv6, minor		iv	iv	4		-2	1	1	0	-3	C	Eb	G	G	minor triad	1	True	True	True	True	True	2	-1	-1	4	True	True	False
68	4	8.5	69	3	A	0	3.5	0	False	3	2	2	1	1/4	True	-1	3	3	3	3a	4	17	False	False				False	4	iv6	Bb	vi		iv6	iv		6			m	False	True	(-4, 0, -1)	()	-1	-4	major	minor	vi	vi, major	iv		vi	vi	True	iv6	iv6, minor		iv6, minor		iv	iv	4		-2	1	1	0	-3	C	Eb	G	G	minor triad	1	True	True	True	True	True	5	2	2	2	False	False	False
72	24	9.0	50	2	D	0	1.0	1	True	3	2	3	1	3/2	True	-1	4	4	4	4a	3	18	False	True	HC	HC	}	True	5	V|HC}	Bb	vi		V	V					M	False	True	(1, 5, 2)	()	1	1	major	minor	vi	vi, major	V		vi	vi	True	V	V, minor		V, minor		V	V	5		-2	1	1	2	2	D	D	G	G	major triad	0	True	True	True	True	True	4	1	1	5	True	True	True
72	24	9.0	50	2	D	0	1.0	1	True	3	2	4	1	3/2	True	-1	4	4	4	4a	3	18	False	True	HC	HC	}	True	5	V|HC}	Bb	vi		V	V					M	False	True	(1, 5, 2)	()	1	1	major	minor	vi	vi, major	V		vi	vi	True	V	V, minor		V, minor		V	V	5		-2	1	1	2	2	D	D	G	G	major triad	0	True	True	True	True	True	4	1	1	5	True	True	True
72	24	9.0	66	6	F	1	1.0	1	True	3	2	2	1	3/2	True	-1	4	4	4	4a	4	18	False	True	HC	HC	}	True	5	V|HC}	Bb	vi		V	V					M	False	True	(1, 5, 2)	()	1	1	major	minor	vi	vi, major	V		vi	vi	True	V	V, minor		V, minor		V	V	5		-2	1	1	2	2	D	D	G	G	major triad	0	True	True	True	True	True	8	5	5	#7	True	False	False
72	24	9.0	74	2	D	0	1.0	1	True	3	2	1	1	3/2	True	-1	4	4	4	4a	5	18	False	True	HC	HC	}	True	5	V|HC}	Bb	vi		V	V					M	False	True	(1, 5, 2)	()	1	1	major	minor	vi	vi, major	V		vi	vi	True	V	V, minor		V, minor		V	V	5		-2	1	1	2	2	D	D	G	G	major triad	0	True	True	True	True	True	4	1	1	5	True	True	True
96	8	12.0	58	-2	B	-1	1.0	1	True	4	4	4	1	1/2	True	-1	5	5	5	5a	3	24	True	True			{	False	6	I.I{	Bb	I		I	I					M	False	False	(0, 4, 1)	()	0	0	major	major	I	I, major	I		I	I	False	I	I, major		I, major		I	I	1		-2	-2	-2	-2	-2	Bb	Bb	Bb	Bb	major triad	0	True	True	True	True	True	0	0	0	1	True	True	True
98	1	12.5	70	-2	B	-1	1.5	0	False	4	4	1	1	1/16	True	-1	5	5	5	5a	4	49/2	False	False				False	6	I.I{	Bb	I		I	I					M	False	False	(0, 4, 1)	()	0	0	major	major	I	I, major	I		I	I	False	I	I, major		I, major		I	I	1		-2	-2	-2	-2	-2	Bb	Bb	Bb	Bb	major triad	0	True	True	True	True	True	0	0	0	1	True	True	True
99	1	12.75	72	0	C	0	1.75	0	False	4	4	1	1	1/16	True	-1	5	5	5	5a	5	99/4	False	False				False	6	I.I{	Bb	I		I	I					M	False	False	(0, 4, 1)	()	0	0	major	major	I	I, major	I		I	I	False	I	I, major		I, major		I	I	1		-2	-2	-2	-2	-2	Bb	Bb	Bb	Bb	major triad	0	True	True	True	True	True	2	2	2	2	False	False	False
100	2	13.0	74	2	D	0	2.0	2	True	4	4	1	1	1/8	True	-1	5	5	5	5a	5	25	False	False				False	6	I.I{	Bb	I		I	I					M	False	False	(0, 4, 1)	()	0	0	major	major	I	I, major	I		I	I	False	I	I, major		I, major		I	I	1		-2	-2	-2	-2	-2	Bb	Bb	Bb	Bb	major triad	0	True	True	True	True	True	4	4	4	3	True	False	False
102	1	13.5	72	0	C	0	2.5	0	False	4	4	1	1	1/16	True	-1	5	5	5	5a	5	51/2	False	False				False	6	I.I{	Bb	I		I	I					M	False	False	(0, 4, 1)	()	0	0	major	major	I	I, major	I		I	I	False	I	I, major		I, major		I	I	1		-2	-2	-2	-2	-2	Bb	Bb	Bb	Bb	major triad	0	True	True	True	True	True	2	2	2	2	False	False	False
103	1	13.75	70	-2	B	-1	2.75	0	False	4	4	1	1	1/16	True	-1	5	5	5	5a	4	103/4	False	False				False	6	I.I{	Bb	I		I	I					M	False	False	(0, 4, 1)	()	0	0	major	major	I	I, major	I		I	I	False	I	I, major		I, major		I	I	1		-2	-2	-2	-2	-2	Bb	Bb	Bb	Bb	major triad	0	True	True	True	True	True	0	0	0	1	True	True	True
104	8	14.0	57	3	A	0	3.0	3	True	4	4	4	1	1/2	True	-1	5	5	5	5a	3	26	False	True				False	7	V6	Bb	I		V6	V		6			M	False	False	(5, 2, 1)	()	1	5	major	major	I	I, major	V		I	I	False	V6	V6, major		V6, major		V	V	5		-2	-2	-2	-1	3	F	A	Bb	Bb	major triad	1	True	True	True	True	True	5	5	5	7	True	False	True
104	2	14.0	77	-1	F	0	3.0	3	True	4	4	1	1	1/8	True	-1	5	5	5	5a	5	26	False	True				False	7	V6	Bb	I		V6	V		6			M	False	False	(5, 2, 1)	()	1	5	major	major	I	I, major	V		I	I	False	V6	V6, major		V6, major		V	V	5		-2	-2	-2	-1	3	F	A	Bb	Bb	major triad	1	True	True	True	True	True	1	1	1	5	True	True	False
106	1	14.5	77	-1	F	0	3.5	0	False	4	4	1	1	1/16	True	-1	5	5	5	5a	5	53/2	False	False				False	7	V6	Bb	I		V6	V		6			M	False	False	(5, 2, 1)	()	1	5	major	major	I	I, major	V		I	I	False	V6	V6, major		V6, major		V	V	5		-2	-2	-2	-1	3	F	A	Bb	Bb	major triad	1	True	True	True	True	True	1	1	1	5	True	True	False
107	1	14.75	79	1	G	0	3.75	0	False	4	4	1	1	1/16	True	-1	5	5	5	5a	5	107/4	False	False				False	7	V6	Bb	I		V6	V		6			M	False	False	(5, 2, 1)	()	1	5	major	major	I	I, major	V		I	I	False	V6	V6, major		V6, major		V	V	5		-2	-2	-2	-1	3	F	A	Bb	Bb	major triad	1	True	True	True	True	True	3	3	3	6	False	False	False
108	2	15.0	81	3	A	0	4.0	4	True	4	4	1	1	1/8	True	-1	5	5	5	5a	5	27	False	False				False	7	V6	Bb	I		V6	V		6			M	False	False	(5, 2, 1)	()	1	5	major	major	I	I, major	V		I	I	False	V6	V6, major		V6, major		V	V	5		-2	-2	-2	-1	3	F	A	Bb	Bb	major triad	1	True	True	True	True	True	5	5	5	7	True	False	True
110	1	15.5	79	1	G	0	4.5	0	False	4	4	1	1	1/16	True	-1	5	5	5	5a	5	55/2	False	False				False	7	V6	Bb	I		V6	V		6			M	False	False	(5, 2, 1)	()	1	5	major	major	I	I, major	V		I	I	False	V6	V6, major		V6, major		V	V	5		-2	-2	-2	-1	3	F	A	Bb	Bb	major triad	1	True	True	True	True	True	3	3	3	6	False	False	False
111	1	15.75	77	-1	F	0	4.75	0	False	4	4	1	1	1/16	True	-1	5	5	5	5a	5	111/4	False	False				False	7	V6	Bb	I		V6	V		6			M	False	False	(5, 2, 1)	()	1	5	major	major	I	I, major	V		I	I	False	V6	V6, major		V6, major		V	V	5		-2	-2	-2	-1	3	F	A	Bb	Bb	major triad	1	True	True	True	True	True	1	1	1	5	True	True	False
112	8	16.0	55	1	G	0	1.0	1	True	4	4	4	1	1/2	True	-1	6	6	6	6a	3	28	False	True				False	8	vi	Bb	I		vi	vi					m	False	False	(3, 0, 4)	()	3	3	major	major	I	I, major	vi		I	I	False	vi	vi, major		vi, major		vi	vi	6		-2	-2	-2	1	1	G	G	Bb	Bb	minor triad	0	True	True	True	True	True	3	3	3	6	True	True	True
112	8	16.0	82	-2	B	-1	1.0	1	True	4	4	1	1	1/2	True	-1	6	6	6	6a	5	28	False	True				False	8	vi	Bb	I		vi	vi					m	False	False	(3, 0, 4)	()	3	3	major	major	I	I, major	vi		I	I	False	vi	vi, major		vi, major		vi	vi	6		-2	-2	-2	1	1	G	G	Bb	Bb	minor triad	0	True	True	True	True	True	0	0	0	1	True	False	False
114	1	16.5	70	-2	B	-1	1.5	0	False	4	4	2	1	1/16	True	-1	6	6	6	6a	4	57/2	False	False				False	8	vi	Bb	I		vi	vi					m	False	False	(3, 0, 4)	()	3	3	major	major	I	I, major	vi		I	I	False	vi	vi, major		vi, major		vi	vi	6		-2	-2	-2	1	1	G	G	Bb	Bb	minor triad	0	True	True	True	True	True	0	0	0	1	True	False	False
115	1	16.75	72	0	C	0	1.75	0	False	4	4	2	1	1/16	True	-1	6	6	6	6a	5	115/4	False	False				False	8	vi	Bb	I		vi	vi					m	False	False	(3, 0, 4)	()	3	3	major	major	I	I, major	vi		I	I	False	vi	vi, major		vi, major		vi	vi	6		-2	-2	-2	1	1	G	G	Bb	Bb	minor triad	0	True	True	True	True	True	2	2	2	2	False	False	False
116	2	17.0	74	2	D	0	2.0	2	True	4	4	2	1	1/8	True	-1	6	6	6	6a	5	29	False	False				False	8	vi	Bb	I		vi	vi					m	False	False	(3, 0, 4)	()	3	3	major	major	I	I, major	vi		I	I	False	vi	vi, major		vi, major		vi	vi	6		-2	-2	-2	1	1	G	G	Bb	Bb	minor triad	0	True	True	True	True	True	4	4	4	3	True	False	False
118	1	17.5	72	0	C	0	2.5	0	False	4	4	2	1	1/16	True	-1	6	6	6	6a	5	59/2	False	False				False	8	vi	Bb	I		vi	vi					m	False	False	(3, 0, 4)	()	3	3	major	major	I	I, major	vi		I	I	False	vi	vi, major		vi, major		vi	vi	6		-2	-2	-2	1	1	G	G	Bb	Bb	minor triad	0	True	True	True	True	True	2	2	2	2	False	False	False
119	1	17.75	70	-2	B	-1	2.75	0	False	4	4	2	1	1/16	True	-1	6	6	6	6a	4	119/4	False	False				False	8	vi	Bb	I		vi	vi					m	False	False	(3, 0, 4)	()	3	3	major	major	I	I, major	vi		I	I	False	vi	vi, major		vi, major		vi	vi	6		-2	-2	-2	1	1	G	G	Bb	Bb	minor triad	0	True	True	True	True	True	0	0	0	1	True	False	False
120	8	18.0	53	-1	F	0	3.0	3	True	4	4	4	1	1/2	True	-1	6	6	6	6a	3	30	False	True				False	9	V	Bb	I		V	V					M	False	False	(1, 5, 2)	()	1	1	major	major	I	I, major	V		I	I	False	V	V, major		V, major		V	V	5		-2	-2	-2	-1	-1	F	F	Bb	Bb	major triad	0	True	True	True	True	True	1	1	1	5	True	True	True
120	2	18.0	77	-1	F	0	3.0	3	True	4	4	2	1	1/8	True	-1	6	6	6	6a	5	30	False	True				False	9	V	Bb	I		V	V					M	False	False	(1, 5, 2)	()	1	1	major	major	I	I, major	V		I	I	False	V	V, major		V, major		V	V	5		-2	-2	-2	-1	-1	F	F	Bb	Bb	major triad	0	True	True	True	True	True	1	1	1	5	True	True	True
120	4	18.0	81	3	A	0	3.0	3	True	4	4	1	1	1/4	True	-1	6	6	6	6a	5	30	False	True				False	9	V	Bb	I		V	V					M	False	False	(1, 5, 2)	()	1	1	major	major	I	I, major	V		I	I	False	V	V, major		V, major		V	V	5		-2	-2	-2	-1	-1	F	F	Bb	Bb	major triad	0	True	True	True	True	True	5	5	5	7	True	False	False
122	1	18.5	77	-1	F	0	3.5	0	False	4	4	2	1	1/16	True	-1	6	6	6	6a	5	61/2	False	False				False	9	V	Bb	I		V	V					M	False	False	(1, 5, 2)	()	1	1	major	major	I	I, major	V		I	I	False	V	V, major		V, major		V	V	5		-2	-2	-2	-1	-1	F	F	Bb	Bb	major triad	0	True	True	True	True	True	1	1	1	5	True	True	True
123	1	18.75	79	1	G	0	3.75	0	False	4	4	2	1	1/16	True	-1	6	6	6	6a	5	123/4	False	False				False	9	V	Bb	I		V	V					M	False	False	(1, 5, 2)	()	1	1	major	major	I	I, major	V		I	I	False	V	V, major		V, major		V	V	5		-2	-2	-2	-1	-1	F	F	Bb	Bb	major triad	0	True	True	True	True	True	3	3	3	6	False	False	False
124	4	19.0	77	-1	F	0	4.0	4	True	4	4	1	1	1/4	True	-1	6	6	6	6a	5	31	False	False				False	9	V	Bb	I		V	V					M	False	False	(1, 5, 2)	()	1	1	major	major	I	I, major	V		I	I	False	V	V, major		V, major		V	V	5		-2	-2	-2	-1	-1	F	F	Bb	Bb	major triad	0	True	True	True	True	True	1	1	1	5	True	True	True
124	2	19.0	81	3	A	0	4.0	4	True	4	4	2	1	1/8	True	-1	6	6	6	6a	5	31	False	False				False	9	V	Bb	I		V	V					M	False	False	(1, 5, 2)	()	1	1	major	major	I	I, major	V		I	I	False	V	V, major		V, major		V	V	5		-2	-2	-2	-1	-1	F	F	Bb	Bb	major triad	0	True	True	True	True	True	5	5	5	7	True	False	False
126	1	19.5	79	1	G	0	4.5	0	False	4	4	2	1	1/16	True	-1	6	6	6	6a	5	63/2	False	False				False	9	V	Bb	I		V	V					M	False	False	(1, 5, 2)	()	1	1	major	major	I	I, major	V		I	I	False	V	V, major		V, major		V	V	5		-2	-2	-2	-1	-1	F	F	Bb	Bb	major triad	0	True	True	True	True	True	3	3	3	6	False	False	False
127	1	19.75	77	-1	F	0	4.75	0	False	4	4	2	1	1/16	True	-1	6	6	6	6a	5	127/4	False	False				False	9	V	Bb	I		V	V					M	False	False	(1, 5, 2)	()	1	1	major	major	I	I, major	V		I	I	False	V	V, major		V, major		V	V	5		-2	-2	-2	-1	-1	F	F	Bb	Bb	major triad	0	True	True	True	True	True	1	1	1	5	True	True	True
128	8	20.0	74	2	D	0	1.0	1	True	4	4	1	1	1/2	True	-1	7	7	7	7a	5	32	False	True				False	10	I	Bb	I		I	I					M	False	False	(0, 4, 1)	()	0	0	major	major	I	I, major	I		I	I	False	I	I, major		I, major		I	I	1		-2	-2	-2	-2	-2	Bb	Bb	Bb	Bb	major triad	0	True	True	True	True	True	4	4	4	3	True	False	False
128	8	20.0	82	-2	B	-1	1.0	1	True	4	4	2	1	1/2	True	-1	7	7	7	7a	5	32	False	True				False	10	I	Bb	I		I	I					M	False	False	(0, 4, 1)	()	0	0	major	major	I	I, major	I		I	I	False	I	I, major		I, major		I	I	1		-2	-2	-2	-2	-2	Bb	Bb	Bb	Bb	major triad	0	True	True	True	True	True	0	0	0	1	True	True	True
130	1	20.5	46	-2	B	-1	1.5	0	False	4	4	3	1	1/16	True	-1	7	7	7	7a	2	65/2	False	False				False	10	I	Bb	I		I	I					M	False	False	(0, 4, 1)	()	0	0	major	major	I	I, major	I		I	I	False	I	I, major		I, major		I	I	1		-2	-2	-2	-2	-2	Bb	Bb	Bb	Bb	major triad	0	True	True	True	True	True	0	0	0	1	True	True	True
130	1	20.5	46	-2	B	-1	1.5	0	False	4	4	4	1	1/16	True	-1	7	7	7	7a	2	65/2	False	False				False	10	I	Bb	I		I	I					M	False	False	(0, 4, 1)	()	0	0	major	major	I	I, major	I		I	I	False	I	I, major		I, major		I	I	1		-2	-2	-2	-2	-2	Bb	Bb	Bb	Bb	major triad	0	True	True	True	True	True	0	0	0	1	True	True	True
131	1	20.75	48	0	C	0	1.75	0	False	4	4	3	1	1/16	True	-1	7	7	7	7a	3	131/4	False	False				False	10	I	Bb	I		I	I					M	False	False	(0, 4, 1)	()	0	0	major	major	I	I, major	I		I	I	False	I	I, major		I, major		I	I	1		-2	-2	-2	-2	-2	Bb	Bb	Bb	Bb	major triad	0	True	True	True	True	True	2	2	2	2	False	False	False
131	1	20.75	48	0	C	0	1.75	0	False	4	4	4	1	1/16	True	-1	7	7	7	7a	3	131/4	False	False				False	10	I	Bb	I		I	I					M	False	False	(0, 4, 1)	()	0	0	major	major	I	I, major	I		I	I	False	I	I, major		I, major		I	I	1		-2	-2	-2	-2	-2	Bb	Bb	Bb	Bb	major triad	0	True	True	True	True	True	2	2	2	2	False	False	False
132	2	21.0	50	2	D	0	2.0	2	True	4	4	3	1	1/8	True	-1	7	7	7	7a	3	33	False	False				False	10	I	Bb	I		I	I					M	False	False	(0, 4, 1)	()	0	0	major	major	I	I, major	I		I	I	False	I	I, major		I, major		I	I	1		-2	-2	-2	-2	-2	Bb	Bb	Bb	Bb	major triad	0	True	True	True	True	True	4	4	4	3	True	False	False
132	2	21.0	50	2	D	0	2.0	2	True	4	4	4	1	1/8	True	-1	7	7	7	7a	3	33	False	False				False	10	I	Bb	I		I	I					M	False	False	(0, 4, 1)	()	0	0	major	major	I	I, major	I		I	I	False	I	I, major		I, major		I	I	1		-2	-2	-2	-2	-2	Bb	Bb	Bb	Bb	major triad	0	True	True	True	True	True	4	4	4	3	True	False	False
134	1	21.5	48	0	C	0	2.5	0	False	4	4	3	1	1/16	True	-1	7	7	7	7a	3	67/2	False	False				False	10	I	Bb	I		I	I					M	False	False	(0, 4, 1)	()	0	0	major	major	I	I, major	I		I	I	False	I	I, major		I, major		I	I	1		-2	-2	-2	-2	-2	Bb	Bb	Bb	Bb	major triad	0	True	True	True	True	True	2	2	2	2	False	False	False
134	1	21.5	48	0	C	0	2.5	0	False	4	4	4	1	1/16	True	-1	7	7	7	7a	3	67/2	False	False				False	10	I	Bb	I		I	I					M	False	False	(0, 4, 1)	()	0	0	major	major	I	I, major	I		I	I	False	I	I, major		I, major		I	I	1		-2	-2	-2	-2	-2	Bb	Bb	Bb	Bb	major triad	0	True	True	True	True	True	2	2	2	2	False	False	False
135	1	21.75	46	-2	B	-1	2.75	0	False	4	4	3	1	1/16	True	-1	7	7	7	7a	2	135/4	False	False				False	10	I	Bb	I		I	I					M	False	False	(0, 4, 1)	()	0	0	major	major	I	I, major	I		I	I	False	I	I, major		I, major		I	I	1		-2	-2	-2	-2	-2	Bb	Bb	Bb	Bb	major triad	0	True	True	True	True	True	0	0	0	1	True	True	True
135	1	21.75	46	-2	B	-1	2.75	0	False	4	4	4	1	1/16	True	-1	7	7	7	7a	2	135/4	False	False				False	10	I	Bb	I		I	I					M	False	False	(0, 4, 1)	()	0	0	major	major	I	I, major	I		I	I	False	I	I, major		I, major		I	I	1		-2	-2	-2	-2	-2	Bb	Bb	Bb	Bb	major triad	0	True	True	True	True	True	0	0	0	1	True	True	True
136	2	22.0	53	-1	F	0	3.0	3	True	4	4	3	1	1/8	True	-1	7	7	7	7a	3	34	False	True				False	11	V	Bb	I		V	V					M	False	False	(1, 5, 2)	()	1	1	major	major	I	I, major	V		I	I	False	V	V, major		V, major		V	V	5		-2	-2	-2	-1	-1	F	F	Bb	Bb	major triad	0	True	True	True	True	True	1	1	1	5	True	True	True
136	2	22.0	53	-1	F	0	3.0	3	True	4	4	4	1	1/8	True	-1	7	7	7	7a	3	34	False	True				False	11	V	Bb	I		V	V					M	False	False	(1, 5, 2)	()	1	1	major	major	I	I, major	V		I	I	False	V	V, major		V, major		V	V	5		-2	-2	-2	-1	-1	F	F	Bb	Bb	major triad	0	True	True	True	True	True	1	1	1	5	True	True	True
136	8	22.0	72	0	C	0	3.0	3	True	4	4	1	1	1/2	True	-1	7	7	7	7a	5	34	False	True				False	11	V	Bb	I		V	V					M	False	False	(1, 5, 2)	()	1	1	major	major	I	I, major	V		I	I	False	V	V, major		V, major		V	V	5		-2	-2	-2	-1	-1	F	F	Bb	Bb	major triad	0	True	True	True	True	True	2	2	2	2	True	False	False
136	8	22.0	81	3	A	0	3.0	3	True	4	4	2	1	1/2	True	-1	7	7	7	7a	5	34	False	True				False	11	V	Bb	I		V	V					M	False	False	(1, 5, 2)	()	1	1	major	major	I	I, major	V		I	I	False	V	V, major		V, major		V	V	5		-2	-2	-2	-1	-1	F	F	Bb	Bb	major triad	0	True	True	True	True	True	5	5	5	7	True	False	False
138	1	22.5	53	-1	F	0	3.5	0	False	4	4	3	1	1/16	True	-1	7	7	7	7a	3	69/2	False	False				False	11	V	Bb	I		V	V					M	False	False	(1, 5, 2)	()	1	1	major	major	I	I, major	V		I	I	False	V	V, major		V, major		V	V	5		-2	-2	-2	-1	-1	F	F	Bb	Bb	major triad	0	True	True	True	True	True	1	1	1	5	True	True	True
138	1	22.5	53	-1	F	0	3.5	0	False	4	4	4	1	1/16	True	-1	7	7	7	7a	3	69/2	False	False				False	11	V	Bb	I		V	V					M	False	False	(1, 5, 2)	()	1	1	major	major	I	I, major	V		I	I	False	V	V, major		V, major		V	V	5		-2	-2	-2	-1	-1	F	F	Bb	Bb	major triad	0	True	True	True	True	True	1	1	1	5	True	True	True
139	1	22.75	55	1	G	0	3.75	0	False	4	4	3	1	1/16	True	-1	7	7	7	7a	3	139/4	False	False				False	11	V	Bb	I		V	V					M	False	False	(1, 5, 2)	()	1	1	major	major	I	I, major	V		I	I	False	V	V, major		V, major		V	V	5		-2	-2	-2	-1	-1	F	F	Bb	Bb	major triad	0	True	True	True	True	True	3	3	3	6	False	False	False
139	1	22.75	55	1	G	0	3.75	0	False	4	4	4	1	1/16	True	-1	7	7	7	7a	3	139/4	False	False				False	11	V	Bb	I		V	V					M	False	False	(1, 5, 2)	()	1	1	major	major	I	I, major	V		I	I	False	V	V, major		V, major		V	V	5		-2	-2	-2	-1	-1	F	F	Bb	Bb	major triad	0	True	True	True	True	True	3	3	3	6	False	False	False
140	2	23.0	57	3	A	0	4.0	4	True	4	4	3	1	1/8	True	-1	7	7	7	7a	3	35	False	False				False	11	V	Bb	I		V	V					M	False	False	(1, 5, 2)	()	1	1	major	major	I	I, major	V		I	I	False	V	V, major		V, major		V	V	5		-2	-2	-2	-1	-1	F	F	Bb	Bb	major triad	0	True	True	True	True	True	5	5	5	7	True	False	False
140	2	23.0	57	3	A	0	4.0	4	True	4	4	4	1	1/8	True	-1	7	7	7	7a	3	35	False	False				False	11	V	Bb	I		V	V					M	False	False	(1, 5, 2)	()	1	1	major	major	I	I, major	V		I	I	False	V	V, major		V, major		V	V	5		-2	-2	-2	-1	-1	F	F	Bb	Bb	major triad	0	True	True	True	True	True	5	5	5	7	True	False	False
142	1	23.5	55	1	G	0	4.5	0	False	4	4	3	1	1/16	True	-1	7	7	7	7a	3	71/2	False	False				False	11	V	Bb	I		V	V					M	False	False	(1, 5, 2)	()	1	1	major	major	I	I, major	V		I	I	False	V	V, major		V, major		V	V	5		-2	-2	-2	-1	-1	F	F	Bb	Bb	major triad	0	True	True	True	True	True	3	3	3	6	False	False	False
142	1	23.5	55	1	G	0	4.5	0	False	4	4	4	1	1/16	True	-1	7	7	7	7a	3	71/2	False	False				False	11	V	Bb	I		V	V					M	False	False	(1, 5, 2)	()	1	1	major	major	I	I, major	V		I	I	False	V	V, major		V, major		V	V	5		-2	-2	-2	-1	-1	F	F	Bb	Bb	major triad	0	True	True	True	True	True	3	3	3	6	False	False	False
143	1	23.75	53	-1	F	0	4.75	0	False	4	4	3	1	1/16	True	-1	7	7	7	7a	3	143/4	False	False				False	11	V	Bb	I		V	V					M	False	False	(1, 5, 2)	()	1	1	major	major	I	I, major	V		I	I	False	V	V, major		V, major		V	V	5		-2	-2	-2	-1	-1	F	F	Bb	Bb	major triad	0	True	True	True	True	True	1	1	1	5	True	True	True
143	1	23.75	53	-1	F	0	4.75	0	False	4	4	4	1	1/16	True	-1	7	7	7	7a	3	143/4	False	False				False	11	V	Bb	I		V	V					M	False	False	(1, 5, 2)	()	1	1	major	major	I	I, major	V		I	I	False	V	V, major		V, major		V	V	5		-2	-2	-2	-1	-1	F	F	Bb	Bb	major triad	0	True	True	True	True	True	1	1	1	5	True	True	True
144	4	24.0	58	-2	B	-1	1.0	1	True	4	4	3	1	1/4	True	-1	8	8	8	8a	3	36	False	True				False	12	I	Bb	I		I	I					M	False	False	(0, 4, 1)	()	0	0	major	major	I	I, major	I		I	I	False	I	I, major		I, major		I	I	1		-2	-2	-2	-2	-2	Bb	Bb	Bb	Bb	major triad	0	True	True	True	True	True	0	0	0	1	True	True	True
144	4	24.0	58	-2	B	-1	1.0	1	True	4	4	4	1	1/4	True	-1	8	8	8	8a	3	36	False	True				False	12	I	Bb	I		I	I					M	False	False	(0, 4, 1)	()	0	0	major	major	I	I, major	I		I	I	False	I	I, major		I, major		I	I	1		-2	-2	-2	-2	-2	Bb	Bb	Bb	Bb	major triad	0	True	True	True	True	True	0	0	0	1	True	True	True
144	4	24.0	74	2	D	0	1.0	1	True	4	4	1	1	1/4	True	-1	8	8	8	8a	5	36	False	True				False	12	I	Bb	I		I	I					M	False	False	(0, 4, 1)	()	0	0	major	major	I	I, major	I		I	I	False	I	I, major		I, major		I	I	1		-2	-2	-2	-2	-2	Bb	Bb	Bb	Bb	major triad	0	True	True	True	True	True	4	4	4	3	True	False	False
144	4	24.0	82	-2	B	-1	1.0	1	True	4	4	2	1	1/4	True	-1	8	8	8	8a	5	36	False	True				False	12	I	Bb	I		I	I					M	False	False	(0, 4, 1)	()	0	0	major	major	I	I, major	I		I	I	False	I	I, major		I, major		I	I	1		-2	-2	-2	-2	-2	Bb	Bb	Bb	Bb	major triad	0	True	True	True	True	True	0	0	0	1	True	True	True
148	4	25.0	57	3	A	0	2.0	2	True	4	4	3	1	1/4	True	-1	8	8	8	8a	3	37	False	True				False	13	V6	Bb	I		V6	V		6			M	False	False	(5, 2, 1)	()	1	5	major	major	I	I, major	V		I	I	False	V6	V6, major		V6, major		V	V	5		-2	-2	-2	-1	3	F	A	Bb	Bb	major triad	1	True	True	True	True	True	5	5	5	7	True	False	True
148	4	25.0	57	3	A	0	2.0	2	True	4	4	4	1	1/4	True	-1	8	8	8	8a	3	37	False	True				False	13	V6	Bb	I		V6	V		6			M	False	False	(5, 2, 1)	()	1	5	major	major	I	I, major	V		I	I	False	V6	V6, major		V6, major		V	V	5		-2	-2	-2	-1	3	F	A	Bb	Bb	major triad	1	True	True	True	True	True	5	5	5	7	True	False	True
148	4	25.0	72	0	C	0	2.0	2	True	4	4	1	1	1/4	True	-1	8	8	8	8a	5	37	False	True				False	13	V6	Bb	I		V6	V		6			M	False	False	(5, 2, 1)	()	1	5	major	major	I	I, major	V		I	I	False	V6	V6, major		V6, major		V	V	5		-2	-2	-2	-1	3	F	A	Bb	Bb	major triad	1	True	True	True	True	True	2	2	2	2	True	False	False
148	8	25.0	77	-1	F	0	2.0	2	True	4	4	2	1	1/2	True	-1	8	8	8	8a	5	37	False	True				False	13	V6	Bb	I		V6	V		6			M	False	False	(5, 2, 1)	()	1	5	major	major	I	I, major	V		I	I	False	V6	V6, major		V6, major		V	V	5		-2	-2	-2	-1	3	F	A	Bb	Bb	major triad	1	True	True	True	True	True	1	1	1	5	True	True	False
152	4	26.0	55	1	G	0	3.0	3	True	4	4	3	1	1/4	True	-1	8	8	8	8a	3	38	False	True				False	14	vi7	Bb	I		vi7	vi		7			mm7	False	False	(3, 0, 4, 1)	()	3	3	major	major	I	I, major	vi		I	I	False	vi7	vi7, major		vi7, major		vi	vi7	6		-2	-2	-2	1	1	G	G	Bb	Bb	minor seventh chord	7	True	True	True	True	True	3	3	3	6	True	True	True
152	4	26.0	55	1	G	0	3.0	3	True	4	4	4	1	1/4	True	-1	8	8	8	8a	3	38	False	True				False	14	vi7	Bb	I		vi7	vi		7			mm7	False	False	(3, 0, 4, 1)	()	3	3	major	major	I	I, major	vi		I	I	False	vi7	vi7, major		vi7, major		vi	vi7	6		-2	-2	-2	1	1	G	G	Bb	Bb	minor seventh chord	7	True	True	True	True	True	3	3	3	6	True	True	True
152	8	26.0	70	-2	B	-1	3.0	3	True	4	4	1	1	1/2	True	-1	8	8	8	8a	4	38	False	True				False	14	vi7	Bb	I		vi7	vi		7			mm7	False	False	(3, 0, 4, 1)	()	3	3	major	major	I	I, major	vi		I	I	False	vi7	vi7, major		vi7, major		vi	vi7	6		-2	-2	-2	1	1	G	G	Bb	Bb	minor seventh chord	7	True	True	True	True	True	0	0	0	1	True	False	False
156	4	27.0	48	0	C	0	4.0	4	True	4	4	3	1	1/4	True	-1	8	8	8	8a	3	39	False	True				False	15	V7/V	Bb	I		V7/V	V		7		V	Mm7	False	False	(2, 6, 3, 0)	()	2	2	major	major	I	I, major	V/V	V	V/I	V	False	V7/V	V7/V, major		V7/V, major	V	V	V7	5	5	-2	-2	-1	0	0	C	C	Bb	F	dominant seventh chord	7	True	True	True	True	True	2	2	1	2	True	True	True
156	4	27.0	48	0	C	0	4.0	4	True	4	4	4	1	1/4	True	-1	8	8	8	8a	3	39	False	True				False	15	V7/V	Bb	I		V7/V	V		7		V	Mm7	False	False	(2, 6, 3, 0)	()	2	2	major	major	I	I, major	V/V	V	V/I	V	False	V7/V	V7/V, major		V7/V, major	V	V	V7	5	5	-2	-2	-1	0	0	C	C	Bb	F	dominant seventh chord	7	True	True	True	True	True	2	2	1	2	True	True	True
156	4	27.0	76	4	E	0	4.0	4	True	4	4	2	1	1/4	True	-1	8	8	8	8a	5	39	False	True				False	15	V7/V	Bb	I		V7/V	V		7		V	Mm7	False	False	(2, 6, 3, 0)	()	2	2	major	major	I	I, major	V/V	V	V/I	V	False	V7/V	V7/V, major		V7/V, major	V	V	V7	5	5	-2	-2	-1	0	0	C	C	Bb	F	dominant seventh chord	7	True	True	True	True	True	6	6	5	#4	True	False	False
160	8	28.0	53	-1	F	0	1.0	1	True	4	4	3	1	1/2	True	-1	9	9	9	9a	3	40	False	True	HC	HC	}	True	16	V|HC}	Bb	I		V	V					M	False	False	(1, 5, 2)	()	1	1	major	major	I	I, major	V		I	I	False	V	V, major		V, major		V	V	5		-2	-2	-2	-1	-1	F	F	Bb	Bb	major triad	0	True	True	True	True	True	1	1	1	5	True	True	True
160	8	28.0	53	-1	F	0	1.0	1	True	4	4	4	1	1/2	True	-1	9	9	9	9a	3	40	False	True	HC	HC	}	True	16	V|HC}	Bb	I		V	V					M	False	False	(1, 5, 2)	()	1	1	major	major	I	I, major	V		I	I	False	V	V, major		V, major		V	V	5		-2	-2	-2	-1	-1	F	F	Bb	Bb	major triad	0	True	True	True	True	True	1	1	1	5	True	True	True
160	8	28.0	69	3	A	0	1.0	1	True	4	4	1	1	1/2	True	-1	9	9	9	9a	4	40	False	True	HC	HC	}	True	16	V|HC}	Bb	I		V	V					M	False	False	(1, 5, 2)	()	1	1	major	major	I	I, major	V		I	I	False	V	V, major		V, major		V	V	5		-2	-2	-2	-1	-1	F	F	Bb	Bb	major triad	0	True	True	True	True	True	5	5	5	7	True	False	False
160	8	28.0	77	-1	F	0	1.0	1	True	4	4	2	1	1/2	True	-1	9	9	9	9a	5	40	False	True	HC	HC	}	True	16	V|HC}	Bb	I		V	V					M	False	False	(1, 5, 2)	()	1	1	major	major	I	I, major	V		I	I	False	V	V, major		V, major		V	V	5		-2	-2	-2	-1	-1	F	F	Bb	Bb	major triad	0	True	True	True	True	True	1	1	1	5	True	True	True
176	8	32.0	53	-1	F	0	1.0	1	True	4	4	4	1	1/2	True	-1	10	10	10	10a	3	44	True	True			{	False	17	V.I{	Bb	V		I	I					M	False	False	(0, 4, 1)	()	0	0	major	major	V	V, major	I		V	V	False	I	I, major		I, major		I	I	1		-2	-1	-1	-1	-1	F	F	F	F	major triad	0	True	True	True	True	True	1	0	0	1	True	True	True
178	1	32.5	65	-1	F	0	1.5	0	False	4	4	1	1	1/16	True	-1	10	10	10	10a	4	89/2	False	False				False	17	V.I{	Bb	V		I	I					M	False	False	(0, 4, 1)	()	0	0	major	major	V	V, major	I		V	V	False	I	I, major		I, major		I	I	1		-2	-1	-1	-1	-1	F	F	F	F	major triad	0	True	True	True	True	True	1	0	0	1	True	True	True
179	1	32.75	67	1	G	0	1.75	0	False	4	4	1	1	1/16	True	-1	10	10	10	10a	4	179/4	False	False				False	17	V.I{	Bb	V		I	I					M	False	False	(0, 4, 1)	()	0	0	major	major	V	V, major	I		V	V	False	I	I, major		I, major		I	I	1		-2	-1	-1	-1	-1	F	F	F	F	major triad	0	True	True	True	True	True	3	2	2	2	False	False	False
180	2	33.0	69	3	A	0	2.0	2	True	4	4	1	1	1/8	True	-1	10	10	10	10a	4	45	False	False				False	17	V.I{	Bb	V		I	I					M	False	False	(0, 4, 1)	()	0	0	major	major	V	V, major	I		V	V	False	I	I, major		I, major		I	I	1		-2	-1	-1	-1	-1	F	F	F	F	major triad	0	True	True	True	True	True	5	4	4	3	True	False	False
182	1	33.5	67	1	G	0	2.5	0	False	4	4	1	1	1/16	True	-1	10	10	10	10a	4	91/2	False	False				False	17	V.I{	Bb	V		I	I					M	False	False	(0, 4, 1)	()	0	0	major	major	V	V, major	I		V	V	False	I	I, major		I, major		I	I	1		-2	-1	-1	-1	-1	F	F	F	F	major triad	0	True	True	True	True	True	3	2	2	2	False	False	False
183	1	33.75	65	-1	F	0	2.75	0	False	4	4	1	1	1/16	True	-1	10	10	10	10a	4	183/4	False	False				False	17	V.I{	Bb	V		I	I					M	False	False	(0, 4, 1)	()	0	0	major	major	V	V, major	I		V	V	False	I	I, major		I, major		I	I	1		-2	-1	-1	-1	-1	F	F	F	F	major triad	0	True	True	True	True	True	1	0	0	1	True	True	True
184	8	34.0	52	4	E	0	3.0	3	True	4	4	4	1	1/2	True	-1	10	10	10	10a	3	46	False	True				False	18	V6	Bb	V		V6	V		6			M	False	False	(5, 2, 1)	()	1	5	major	major	V	V, major	V		V	V	False	V6	V6, major		V6, major		V	V	5		-2	-1	-1	0	4	C	E	F	F	major triad	1	True	True	True	True	True	6	5	5	7	True	False	True
184	2	34.0	72	0	C	0	3.0	3	True	4	4	1	1	1/8	True	-1	10	10	10	10a	5	46	False	True				False	18	V6	Bb	V		V6	V		6			M	False	False	(5, 2, 1)	()	1	5	major	major	V	V, major	V		V	V	False	V6	V6, major		V6, major		V	V	5		-2	-1	-1	0	4	C	E	F	F	major triad	1	True	True	True	True	True	2	1	1	5	True	True	False
186	1	34.5	72	0	C	0	3.5	0	False	4	4	1	1	1/16	True	-1	10	10	10	10a	5	93/2	False	False				False	18	V6	Bb	V		V6	V		6			M	False	False	(5, 2, 1)	()	1	5	major	major	V	V, major	V		V	V	False	V6	V6, major		V6, major		V	V	5		-2	-1	-1	0	4	C	E	F	F	major triad	1	True	True	True	True	True	2	1	1	5	True	True	False
187	1	34.75	74	2	D	0	3.75	0	False	4	4	1	1	1/16	True	-1	10	10	10	10a	5	187/4	False	False				False	18	V6	Bb	V		V6	V		6			M	False	False	(5, 2, 1)	()	1	5	major	major	V	V, major	V		V	V	False	V6	V6, major		V6, major		V	V	5		-2	-1	-1	0	4	C	E	F	F	major triad	1	True	True	True	True	True	4	3	3	6	False	False	False
188	2	35.0	76	4	E	0	4.0	4	True	4	4	1	1	1/8	True	-1	10	10	10	10a	5	47	False	False				False	18	V6	Bb	V		V6	V		6			M	False	False	(5, 2, 1)	()	1	5	major	major	V	V, major	V		V	V	False	V6	V6, major		V6, major		V	V	5		-2	-1	-1	0	4	C	E	F	F	major triad	1	True	True	True	True	True	6	5	5	7	True	False	True
190	1	35.5	74	2	D	0	4.5	0	False	4	4	1	1	1/16	True	-1	10	10	10	10a	5	95/2	False	False				False	18	V6	Bb	V		V6	V		6			M	False	False	(5, 2, 1)	()	1	5	major	major	V	V, major	V		V	V	False	V6	V6, major		V6, major		V	V	5		-2	-1	-1	0	4	C	E	F	F	major triad	1	True	True	True	True	True	4	3	3	6	False	False	False
191	1	35.75	72	0	C	0	4.75	0	False	4	4	1	1	1/16	True	-1	10	10	10	10a	5	191/4	False	False				False	18	V6	Bb	V		V6	V		6			M	False	False	(5, 2, 1)	()	1	5	major	major	V	V, major	V		V	V	False	V6	V6, major		V6, major		V	V	5		-2	-1	-1	0	4	C	E	F	F	major triad	1	True	True	True	True	True	2	1	1	5	True	True	False
192	8	36.0	50	2	D	0	1.0	1	True	4	4	4	1	1/2	True	-1	11	11	11	11a	3	48	False	True				False	19	vi	Bb	V		vi	vi					m	False	False	(3, 0, 4)	()	3	3	major	major	V	V, major	vi		V	V	False	vi	vi, major		vi, major		vi	vi	6		-2	-1	-1	2	2	D	D	F	F	minor triad	0	True	True	True	True	True	4	3	3	6	True	True	True
192	8	36.0	77	-1	F	0	1.0	1	True	4	4	1	1	1/2	True	-1	11	11	11	11a	5	48	False	True				False	19	vi	Bb	V		vi	vi					m	False	False	(3, 0, 4)	()	3	3	major	major	V	V, major	vi		V	V	False	vi	vi, major		vi, major		vi	vi	6		-2	-1	-1	2	2	D	D	F	F	minor triad	0	True	True	True	True	True	1	0	0	1	True	False	False
194	1	36.5	65	-1	F	0	1.5	0	False	4	4	2	1	1/16	True	-1	11	11	11	11a	4	97/2	False	False				False	19	vi	Bb	V		vi	vi					m	False	False	(3, 0, 4)	()	3	3	major	major	V	V, major	vi		V	V	False	vi	vi, major		vi, major		vi	vi	6		-2	-1	-1	2	2	D	D	F	F	minor triad	0	True	True	True	True	True	1	0	0	1	True	False	False
195	1	36.75	67	1	G	0	1.75	0	False	4	4	2	1	1/16	True	-1	11	11	11	11a	4	195/4	False	False				False	19	vi	Bb	V		vi	vi					m	False	False	(3, 0, 4)	()	3	3	major	major	V	V, major	vi		V	V	False	vi	vi, major		vi, major		vi	vi	6		-2	-1	-1	2	2	D	D	F	F	minor triad	0	True	True	True	True	True	3	2	2	2	False	False	False
196	2	37.0	69	3	A	0	2.0	2	True	4	4	2	1	1/8	True	-1	11	11	11	11a	4	49	False	False				False	19	vi	Bb	V		vi	vi					m	False	False	(3, 0, 4)	()	3	3	major	major	V	V, major	vi		V	V	False	vi	vi, major		vi, major		vi	vi	6		-2	-1	-1	2	2	D	D	F	F	minor triad	0	True	True	True	True	True	5	4	4	3	True	False	False
198	1	37.5	67	1	G	0	2.5	0	False	4	4	2	1	1/16	True	-1	11	11	11	11a	4	99/2	False	False				False	19	vi	Bb	V		vi	vi					m	False	False	(3, 0, 4)	()	3	3	major	major	V	V, major	vi		V	V	False	vi	vi, major		vi, major		vi	vi	6		-2	-1	-1	2	2	D	D	F	F	minor triad	0	True	True	True	True	True	3	2	2	2	False	False	False
199	1	37.75	65	-1	F	0	2.75	0	False	4	4	2	1	1/16	True	-1	11	11	11	11a	4	199/4	False	False				False	19	vi	Bb	V		vi	vi					m	False	False	(3, 0, 4)	()	3	3	major	major	V	V, major	vi		V	V	False	vi	vi, major		vi, major		vi	vi	6		-2	-1	-1	2	2	D	D	F	F	minor triad	0	True	True	True	True	True	1	0	0	1	True	False	False
200	8	38.0	48	0	C	0	3.0	3	True	4	4	4	1	1/2	True	-1	11	11	11	11a	3	50	False	True				False	20	V	Bb	V		V	V					M	False	False	(1, 5, 2)	()	1	1	major	major	V	V, major	V		V	V	False	V	V, major		V, major		V	V	5		-2	-1	-1	0	0	C	C	F	F	major triad	0	True	True	True	True	True	2	1	1	5	True	True	True
200	2	38.0	72	0	C	0	3.0	3	True	4	4	2	1	1/8	True	-1	11	11	11	11a	5	50	False	True				False	20	V	Bb	V		V	V					M	False	False	(1, 5, 2)	()	1	1	major	major	V	V, major	V		V	V	False	V	V, major		V, major		V	V	5		-2	-1	-1	0	0	C	C	F	F	major triad	0	True	True	True	True	True	2	1	1	5	True	True	True
200	4	38.0	76	4	E	0	3.0	3	True	4	4	1	1	1/4	True	-1	11	11	11	11a	5	50	False	True				False	20	V	Bb	V		V	V					M	False	False	(1, 5, 2)	()	1	1	major	major	V	V, major	V		V	V	False	V	V, major		V, major		V	V	5		-2	-1	-1	0	0	C	C	F	F	major triad	0	True	True	True	True	True	6	5	5	7	True	False	False
202	1	38.5	72	0	C	0	3.5	0	False	4	4	2	1	1/16	True	-1	11	11	11	11a	5	101/2	False	False				False	20	V	Bb	V		V	V					M	False	False	(1, 5, 2)	()	1	1	major	major	V	V, major	V		V	V	False	V	V, major		V, major		V	V	5		-2	-1	-1	0	0	C	C	F	F	major triad	0	True	True	True	True	True	2	1	1	5	True	True	True
203	1	38.75	74	2	D	0	3.75	0	False	4	4	2	1	1/16	True	-1	11	11	11	11a	5	203/4	False	False				False	20	V	Bb	V		V	V					M	False	False	(1, 5, 2)	()	1	1	major	major	V	V, major	V		V	V	False	V	V, major		V, major		V	V	5		-2	-1	-1	0	0	C	C	F	F	major triad	0	True	True	True	True	True	4	3	3	6	False	False	False
204	4	39.0	72	0	C	0	4.0	4	True	4	4	1	1	1/4	True	-1	11	11	11	11a	5	51	False	False				False	20	V	Bb	V		V	V					M	False	False	(1, 5, 2)	()	1	1	major	major	V	V, major	V		V	V	False	V	V, major		V, major		V	V	5		-2	-1	-1	0	0	C	C	F	F	major triad	0	True	True	True	True	True	2	1	1	5	True	True	True
204	2	39.0	76	4	E	0	4.0	4	True	4	4	2	1	1/8	True	-1	11	11	11	11a	5	51	False	False				False	20	V	Bb	V		V	V					M	False	False	(1, 5, 2)	()	1	1	major	major	V	V, major	V		V	V	False	V	V, major		V, major		V	V	5		-2	-1	-1	0	0	C	C	F	F	major triad	0	True	True	True	True	True	6	5	5	7	True	False	False
206	1	39.5	74	2	D	0	4.5	0	False	4	4	2	1	1/16	True	-1	11	11	11	11a	5	103/2	False	False				False	20	V	Bb	V		V	V					M	False	False	(1, 5, 2)	()	1	1	major	major	V	V, major	V		V	V	False	V	V, major		V, major		V	V	5		-2	-1	-1	0	0	C	C	F	F	major triad	0	True	True	True	True	True	4	3	3	6	False	False	False
207	1	39.75	72	0	C	0	4.75	0	False	4	4	2	1	1/16	True	-1	11	11	11	11a	5	207/4	False	False				False	20	V	Bb	V		V	V					M	False	False	(1, 5, 2)	()	1	1	major	major	V	V, major	V		V	V	False	V	V, major		V, major		V	V	5		-2	-1	-1	0	0	C	C	F	F	major triad	0	True	True	True	True	True	2	1	1	5	True	True	True
208	8	40.0	77	-1	F	0	1.0	1	True	4	4	2	1	1/2	True	-1	12	12	12	12a	5	52	False	True				False	21	I	Bb	V		I	I					M	False	False	(0, 4, 1)	()	0	0	major	major	V	V, major	I		V	V	False	I	I, major		I, major		I	I	1		-2	-1	-1	-1	-1	F	F	F	F	major triad	0	True	True	True	True	True	1	0	0	1	True	True	True
208	8	40.0	81	3	A	0	1.0	1	True	4	4	1	1	1/2	True	-1	12	12	12	12a	5	52	False	True				False	21	I	Bb	V		I	I					M	False	False	(0, 4, 1)	()	0	0	major	major	V	V, major	I		V	V	False	I	I, major		I, major		I	I	1		-2	-1	-1	-1	-1	F	F	F	F	major triad	0	True	True	True	True	True	5	4	4	3	True	False	False
210	1	40.5	53	-1	F	0	1.5	0	False	4	4	3	1	1/16	True	-1	12	12	12	12a	3	105/2	False	False				False	21	I	Bb	V		I	I					M	False	False	(0, 4, 1)	()	0	0	major	major	V	V, major	I		V	V	False	I	I, major		I, major		I	I	1		-2	-1	-1	-1	-1	F	F	F	F	major triad	0	True	True	True	True	True	1	0	0	1	True	True	True
210	1	40.5	53	-1	F	0	1.5	0	False	4	4	4	1	1/16	True	-1	12	12	12	12a	3	105/2	False	False				False	21	I	Bb	V		I	I					M	False	False	(0, 4, 1)	()	0	0	major	major	V	V, major	I		V	V	False	I	I, major		I, major		I	I	1		-2	-1	-1	-1	-1	F	F	F	F	major triad	0	True	True	True	True	True	1	0	0	1	True	True	True
211	1	40.75	55	1	G	0	1.75	0	False	4	4	3	1	1/16	True	-1	12	12	12	12a	3	211/4	False	False				False	21	I	Bb	V		I	I					M	False	False	(0, 4, 1)	()	0	0	major	major	V	V, major	I		V	V	False	I	I, major		I, major		I	I	1		-2	-1	-1	-1	-1	F	F	F	F	major triad	0	True	True	True	True	True	3	2	2	2	False	False	False
211	1	40.75	55	1	G	0	1.75	0	False	4	4	4	1	1/16	True	-1	12	12	12	12a	3	211/4	False	False				False	21	I	Bb	V		I	I					M	False	False	(0, 4, 1)	()	0	0	major	major	V	V, major	I		V	V	False	I	I, major		I, major		I	I	1		-2	-1	-1	-1	-1	F	F	F	F	major triad	0	True	True	True	True	True	3	2	2	2	False	False	False
212	2	41.0	57	3	A	0	2.0	2	True	4	4	3	1	1/8	True	-1	12	12	12	12a	3	53	False	False				False	21	I	Bb	V		I	I					M	False	False	(0, 4, 1)	()	0	0	major	major	V	V, major	I		V	V	False	I	I, major		I, major		I	I	1		-2	-1	-1	-1	-1	F	F	F	F	major triad	0	True	True	True	True	True	5	4	4	3	True	False	False
212	2	41.0	57	3	A	0	2.0	2	True	4	4	4	1	1/8	True	-1	12	12	12	12a	3	53	False	False				False	21	I	Bb	V		I	I					M	False	False	(0, 4, 1)	()	0	0	major	major	V	V, major	I		V	V	False	I	I, major		I, major		I	I	1		-2	-1	-1	-1	-1	F	F	F	F	major triad	0	True	True	True	True	True	5	4	4	3	True	False	False
214	1	41.5	55	1	G	0	2.5	0	False	4	4	3	1	1/16	True	-1	12	12	12	12a	3	107/2	False	False				False	21	I	Bb	V		I	I					M	False	False	(0, 4, 1)	()	0	0	major	major	V	V, major	I		V	V	False	I	I, major		I, major		I	I	1		-2	-1	-1	-1	-1	F	F	F	F	major triad	0	True	True	True	True	True	3	2	2	2	False	False	False
214	1	41.5	55	1	G	0	2.5	0	False	4	4	4	1	1/16	True	-1	12	12	12	12a	3	107/2	False	False				False	21	I	Bb	V		I	I					M	False	False	(0, 4, 1)	()	0	0	major	major	V	V, major	I		V	V	False	I	I, major		I, major		I	I	1		-2	-1	-1	-1	-1	F	F	F	F	major triad	0	True	True	True	True	True	3	2	2	2	False	False	False
215	1	41.75	53	-1	F	0	2.75	0	False	4	4	3	1	1/16	True	-1	12	12	12	12a	3	215/4	False	False				False	21	I	Bb	V		I	I					M	False	False	(0, 4, 1)	()	0	0	major	major	V	V, major	I		V	V	False	I	I, major		I, major		I	I	1		-2	-1	-1	-1	-1	F	F	F	F	major triad	0	True	True	True	True	True	1	0	0	1	True	True	True
215	1	41.75	53	-1	F	0	2.75	0	False	4	4	4	1	1/16	True	-1	12	12	12	12a	3	215/4	False	False				False	21	I	Bb	V		I	I					M	False	False	(0, 4, 1)	()	0	0	major	major	V	V, major	I		V	V	False	I	I, major		I, major		I	I	1		-2	-1	-1	-1	-1	F	F	F	F	major triad	0	True	True	True	True	True	1	0	0	1	True	True	True
216	2	42.0	60	0	C	0	3.0	3	True	4	4	3	1	1/8	True	-1	12	12	12	12a	4	54	False	True				False	22	V	Bb	V		V	V					M	False	False	(1, 5, 2)	()	1	1	major	major	V	V, major	V		V	V	False	V	V, major		V, major		V	V	5		-2	-1	-1	0	0	C	C	F	F	major triad	0	True	True	True	True	True	2	1	1	5	True	True	True
216	2	42.0	60	0	C	0	3.0	3	True	4	4	4	1	1/8	True	-1	12	12	12	12a	4	54	False	True				False	22	V	Bb	V		V	V					M	False	False	(1, 5, 2)	()	1	1	major	major	V	V, major	V		V	V	False	V	V, major		V, major		V	V	5		-2	-1	-1	0	0	C	C	F	F	major triad	0	True	True	True	True	True	2	1	1	5	True	True	True
216	8	42.0	76	4	E	0	3.0	3	True	4	4	2	1	1/2	True	-1	12	12	12	12a	5	54	False	True				False	22	V	Bb	V		V	V					M	False	False	(1, 5, 2)	()	1	1	major	major	V	V, major	V		V	V	False	V	V, major		V, major		V	V	5		-2	-1	-1	0	0	C	C	F	F	major triad	0	True	True	True	True	True	6	5	5	7	True	False	False
216	8	42.0	79	1	G	0	3.0	3	True	4	4	1	1	1/2	True	-1	12	12	12	12a	5	54	False	True				False	22	V	Bb	V		V	V					M	False	False	(1, 5, 2)	()	1	1	major	major	V	V, major	V		V	V	False	V	V, major		V, major		V	V	5		-2	-1	-1	0	0	C	C	F	F	major triad	0	True	True	True	True	True	3	2	2	2	True	False	False
218	1	42.5	60	0	C	0	3.5	0	False	4	4	3	1	1/16	True	-1	12	12	12	12a	4	109/2	False	False				False	22	V	Bb	V		V	V					M	False	False	(1, 5, 2)	()	1	1	major	major	V	V, major	V		V	V	False	V	V, major		V, major		V	V	5		-2	-1	-1	0	0	C	C	F	F	major triad	0	True	True	True	True	True	2	1	1	5	True	True	True
218	1	42.5	60	0	C	0	3.5	0	False	4	4	4	1	1/16	True	-1	12	12	12	12a	4	109/2	False	False				False	22	V	Bb	V		V	V					M	False	False	(1, 5, 2)	()	1	1	major	major	V	V, major	V		V	V	False	V	V, major		V, major		V	V	5		-2	-1	-1	0	0	C	C	F	F	major triad	0	True	True	True	True	True	2	1	1	5	True	True	True
219	1	42.75	62	2	D	0	3.75	0	False	4	4	3	1	1/16	True	-1	12	12	12	12a	4	219/4	False	False				False	22	V	Bb	V		V	V					M	False	False	(1, 5, 2)	()	1	1	major	major	V	V, major	V		V	V	False	V	V, major		V, major		V	V	5		-2	-1	-1	0	0	C	C	F	F	major triad	0	True	True	True	True	True	4	3	3	6	False	False	False
219	1	42.75	62	2	D	0	3.75	0	False	4	4	4	1	1/16	True	-1	12	12	12	12a	4	219/4	False	False				False	22	V	Bb	V		V	V					M	False	False	(1, 5, 2)	()	1	1	major	major	V	V, major	V		V	V	False	V	V, major		V, major		V	V	5		-2	-1	-1	0	0	C	C	F	F	major triad	0	True	True	True	True	True	4	3	3	6	False	False	False
220	2	43.0	64	4	E	0	4.0	4	True	4	4	3	1	1/8	True	-1	12	12	12	12a	4	55	False	False				False	22	V	Bb	V		V	V					M	False	False	(1, 5, 2)	()	1	1	major	major	V	V, major	V		V	V	False	V	V, major		V, major		V	V	5		-2	-1	-1	0	0	C	C	F	F	major triad	0	True	True	True	True	True	6	5	5	7	True	False	False
220	2	43.0	64	4	E	0	4.0	4	True	4	4	4	1	1/8	True	-1	12	12	12	12a	4	55	False	False				False	22	V	Bb	V		V	V					M	False	False	(1, 5, 2)	()	1	1	major	major	V	V, major	V		V	V	False	V	V, major		V, major		V	V	5		-2	-1	-1	0	0	C	C	F	F	major triad	0	True	True	True	True	True	6	5	5	7	True	False	False
222	1	43.5	62	2	D	0	4.5	0	False	4	4	3	1	1/16	True	-1	12	12	12	12a	4	111/2	False	False				False	22	V	Bb	V		V	V					M	False	False	(1, 5, 2)	()	1	1	major	major	V	V, major	V		V	V	False	V	V, major		V, major		V	V	5		-2	-1	-1	0	0	C	C	F	F	major triad	0	True	True	True	True	True	4	3	3	6	False	False	False
222	1	43.5	62	2	D	0	4.5	0	False	4	4	4	1	1/16	True	-1	12	12	12	12a	4	111/2	False	False				False	22	V	Bb	V		V	V					M	False	False	(1, 5, 2)	()	1	1	major	major	V	V, major	V		V	V	False	V	V, major		V, major		V	V	5		-2	-1	-1	0	0	C	C	F	F	major triad	0	True	True	True	True	True	4	3	3	6	False	False	False
223	1	43.75	60	0	C	0	4.75	0	False	4	4	3	1	1/16	True	-1	12	12	12	12a	4	223/4	False	False				False	22	V	Bb	V		V	V					M	False	False	(1, 5, 2)	()	1	1	major	major	V	V, major	V		V	V	False	V	V, major		V, major		V	V	5		-2	-1	-1	0	0	C	C	F	F	major triad	0	True	True	True	True	True	2	1	1	5	True	True	True
223	1	43.75	60	0	C	0	4.75	0	False	4	4	4	1	1/16	True	-1	12	12	12	12a	4	223/4	False	False				False	22	V	Bb	V		V	V					M	False	False	(1, 5, 2)	()	1	1	major	major	V	V, major	V		V	V	False	V	V, major		V, major		V	V	5		-2	-1	-1	0	0	C	C	F	F	major triad	0	True	True	True	True	True	2	1	1	5	True	True	True
224	4	44.0	65	-1	F	0	1.0	1	True	4	4	3	1	1/4	True	-1	13	13	13	13a	4	56	False	True				False	23	I	Bb	V		I	I					M	False	False	(0, 4, 1)	()	0	0	major	major	V	V, major	I		V	V	False	I	I, major		I, major		I	I	1		-2	-1	-1	-1	-1	F	F	F	F	major triad	0	True	True	True	True	True	1	0	0	1	True	True	True
224	4	44.0	65	-1	F	0	1.0	1	True	4	4	4	1	1/4	True	-1	13	13	13	13a	4	56	False	True				False	23	I	Bb	V		I	I					M	False	False	(0, 4, 1)	()	0	0	major	major	V	V, major	I		V	V	False	I	I, major		I, major		I	I	1		-2	-1	-1	-1	-1	F	F	F	F	major triad	0	True	True	True	True	True	1	0	0	1	True	True	True
224	4	44.0	77	-1	F	0	1.0	1	True	4	4	2	1	1/4	True	-1	13	13	13	13a	5	56	False	True				False	23	I	Bb	V		I	I					M	False	False	(0, 4, 1)	()	0	0	major	major	V	V, major	I		V	V	False	I	I, major		I, major		I	I	1		-2	-1	-1	-1	-1	F	F	F	F	major triad	0	True	True	True	True	True	1	0	0	1	True	True	True
224	4	44.0	81	3	A	0	1.0	1	True	4	4	1	1	1/4	True	-1	13	13	13	13a	5	56	False	True				False	23	I	Bb	V		I	I					M	False	False	(0, 4, 1)	()	0	0	major	major	V	V, major	I		V	V	False	I	I, major		I, major		I	I	1		-2	-1	-1	-1	-1	F	F	F	F	major triad	0	True	True	True	True	True	5	4	4	3	True	False	False
228	4	45.0	64	4	E	0	2.0	2	True	4	4	3	1	1/4	True	-1	13	13	13	13a	4	57	False	True				False	24	V6	Bb	V		V6	V		6			M	False	False	(5, 2, 1)	()	1	5	major	major	V	V, major	V		V	V	False	V6	V6, major		V6, major		V	V	5		-2	-1	-1	0	4	C	E	F	F	major triad	1	True	True	True	True	True	6	5	5	7	True	False	True
228	4	45.0	64	4	E	0	2.0	2	True	4	4	4	1	1/4	True	-1	13	13	13	13a	4	57	False	True				False	24	V6	Bb	V		V6	V		6			M	False	False	(5, 2, 1)	()	1	5	major	major	V	V, major	V		V	V	False	V6	V6, major		V6, major		V	V	5		-2	-1	-1	0	4	C	E	F	F	major triad	1	True	True	True	True	True	6	5	5	7	True	False	True
228	4	45.0	79	1	G	0	2.0	2	True	4	4	1	1	1/4	True	-1	13	13	13	13a	5	57	False	True				False	24	V6	Bb	V		V6	V		6			M	False	False	(5, 2, 1)	()	1	5	major	major	V	V, major	V		V	V	False	V6	V6, major		V6, major		V	V	5		-2	-1	-1	0	4	C	E	F	F	major triad	1	True	True	True	True	True	3	2	2	2	True	False	False
228	8	45.0	84	0	C	0	2.0	2	True	4	4	2	1	1/2	True	-1	13	13	13	13a	6	57	False	True				False	24	V6	Bb	V		V6	V		6			M	False	False	(5, 2, 1)	()	1	5	major	major	V	V, major	V		V	V	False	V6	V6, major		V6, major		V	V	5		-2	-1	-1	0	4	C	E	F	F	major triad	1	True	True	True	True	True	2	1	1	5	True	True	False
232	4	46.0	62	2	D	0	3.0	3	True	4	4	3	1	1/4	True	-1	13	13	13	13a	4	58	False	True				False	25	vi7	Bb	V		vi7	vi		7			mm7	False	False	(3, 0, 4, 1)	()	3	3	major	major	V	V, major	vi		V	V	False	vi7	vi7, major		vi7, major		vi	vi7	6		-2	-1	-1	2	2	D	D	F	F	minor seventh chord	7	True	True	True	True	True	4	3	3	6	True	True	True
232	4	46.0	62	2	D	0	3.0	3	True	4	4	4	1	1/4	True	-1	13	13	13	13a	4	58	False	True				False	25	vi7	Bb	V		vi7	vi		7			mm7	False	False	(3, 0, 4, 1)	()	3	3	major	major	V	V, major	vi		V	V	False	vi7	vi7, major		vi7, major		vi	vi7	6		-2	-1	-1	2	2	D	D	F	F	minor seventh chord	7	True	True	True	True	True	4	3	3	6	True	True	True
232	8	46.0	77	-1	F	0	3.0	3	True	4	4	1	1	1/2	True	-1	13	13	13	13a	5	58	False	True				False	25	vi7	Bb	V		vi7	vi		7			mm7	False	False	(3, 0, 4, 1)	()	3	3	major	major	V	V, major	vi		V	V	False	vi7	vi7, major		vi7, major		vi	vi7	6		-2	-1	-1	2	2	D	D	F	F	minor seventh chord	7	True	True	True	True	True	1	0	0	1	True	False	False
236	4	47.0	55	1	G	0	4.0	4	True	4	4	3	1	1/4	True	-1	13	13	13	13a	3	59	False	True				False	26	V7/V	Bb	V		V7/V	V		7		V	Mm7	False	False	(2, 6, 3, 0)	()	2	2	major	major	V	V, major	V/V	V	V/V	II	False	V7/V	V7/V, major		V7/V, major	V	V	V7	5	5	-2	-1	0	1	1	G	G	F	C	dominant seventh chord	7	True	True	True	True	True	3	2	1	2	True	True	True
236	4	47.0	55	1	G	0	4.0	4	True	4	4	4	1	1/4	True	-1	13	13	13	13a	3	59	False	True				False	26	V7/V	Bb	V		V7/V	V		7		V	Mm7	False	False	(2, 6, 3, 0)	()	2	2	major	major	V	V, major	V/V	V	V/V	II	False	V7/V	V7/V, major		V7/V, major	V	V	V7	5	5	-2	-1	0	1	1	G	G	F	C	dominant seventh chord	7	True	True	True	True	True	3	2	1	2	True	True	True
236	4	47.0	83	5	B	0	4.0	4	True	4	4	2	1	1/4	True	-1	13	13	13	13a	5	59	False	True				False	26	V7/V	Bb	V		V7/V	V		7		V	Mm7	False	False	(2, 6, 3, 0)	()	2	2	major	major	V	V, major	V/V	V	V/V	II	False	V7/V	V7/V, major		V7/V, major	V	V	V7	5	5	-2	-1	0	1	1	G	G	F	C	dominant seventh chord	7	True	True	True	True	True	7	6	5	#4	True	False	False
240	8	48.0	60	0	C	0	1.0	1	True	4	4	3	1	1/2	True	-1	14	14	14	14a	4	60	False	True	HC	HC	}	True	27	V|HC}	Bb	V		V	V					M	False	False	(1, 5, 2)	()	1	1	major	major	V	V, major	V		V	V	False	V	V, major		V, major		V	V	5		-2	-1	-1	0	0	C	C	F	F	major triad	0	True	True	True	True	True	2	1	1	5	True	True	True
240	8	48.0	60	0	C	0	1.0	1	True	4	4	4	1	1/2	True	-1	14	14	14	14a	4	60	False	True	HC	HC	}	True	27	V|HC}	Bb	V		V	V					M	False	False	(1, 5, 2)	()	1	1	major	major	V	V, major	V		V	V	False	V	V, major		V, major		V	V	5		-2	-1	-1	0	0	C	C	F	F	major triad	0	True	True	True	True	True	2	1	1	5	True	True	True
240	8	48.0	76	4	E	0	1.0	1	True	4	4	1	1	1/2	True	-1	14	14	14	14a	5	60	False	True	HC	HC	}	True	27	V|HC}	Bb	V		V	V					M	False	False	(1, 5, 2)	()	1	1	major	major	V	V, major	V		V	V	False	V	V, major		V, major		V	V	5		-2	-1	-1	0	0	C	C	F	F	major triad	0	True	True	True	True	True	6	5	5	7	True	False	False
240	8	48.0	84	0	C	0	1.0	1	True	4	4	2	1	1/2	True	-1	14	14	14	14a	6	60	False	True	HC	HC	}	True	27	V|HC}	Bb	V		V	V					M	False	False	(1, 5, 2)	()	1	1	major	major	V	V, major	V		V	V	False	V	V, major		V, major		V	V	5		-2	-1	-1	0	0	C	C	F	F	major triad	0	True	True	True	True	True	2	1	1	5	True	True	True
256	8	52.0	48	0	C	0	1.0	1	True	3	2	3	1	1/2	True	-1	15	15	15	15a	3	64	True	True			{	False	28	I.ii{	Bb	I		ii	ii					m	False	False	(2, -1, 3)	()	2	2	major	major	I	I, major	ii		I	I	False	ii	ii, major		ii, major		ii	ii	2		-2	-2	-2	0	0	C	C	Bb	Bb	minor triad	0	True	True	True	True	True	2	2	2	2	True	True	True
256	8	52.0	48	0	C	0	1.0	1	True	3	2	4	1	1/2	True	-1	15	15	15	15a	3	64	True	True			{	False	28	I.ii{	Bb	I		ii	ii					m	False	False	(2, -1, 3)	()	2	2	major	major	I	I, major	ii		I	I	False	ii	ii, major		ii, major		ii	ii	2		-2	-2	-2	0	0	C	C	Bb	Bb	minor triad	0	True	True	True	True	True	2	2	2	2	True	True	True
256	8	52.0	75	-3	E	-1	1.0	1	True	3	2	1	1	1/2	True	-1	15	15	15	15a	5	64	True	True			{	False	28	I.ii{	Bb	I		ii	ii					m	False	False	(2, -1, 3)	()	2	2	major	major	I	I, major	ii		I	I	False	ii	ii, major		ii, major		ii	ii	2		-2	-2	-2	0	0	C	C	Bb	Bb	minor triad	0	True	True	True	True	True	-1	-1	-1	4	True	False	False
256	8	52.0	79	1	G	0	1.0	1	True	3	2	2	1	1/2	True	-1	15	15	15	15a	5	64	True	True			{	False	28	I.ii{	Bb	I		ii	ii					m	False	False	(2, -1, 3)	()	2	2	major	major	I	I, major	ii		I	I	False	ii	ii, major		ii, major		ii	ii	2		-2	-2	-2	0	0	C	C	Bb	Bb	minor triad	0	True	True	True	True	True	3	3	3	6	True	False	False
264	16	53.0	45	3	A	0	2.0	2	True	3	2	3	1	1	True	-1	15	15	15	15a	2	66	False	True				False	29	V65	Bb	I		V65	V		65			Mm7	False	False	(5, 2, -1, 1)	()	1	5	major	major	I	I, major	V		I	I	False	V65	V65, major		V65, major		V	V7	5		-2	-2	-2	-1	3	F	A	Bb	Bb	dominant seventh chord	1	True	True	True	True	True	5	5	5	7	True	False	True
264	16	53.0	45	3	A	0	2.0	2	True	3	2	4	1	1	True	-1	15	15	15	15a	2	66	False	True				False	29	V65	Bb	I		V65	V		65			Mm7	False	False	(5, 2, -1, 1)	()	1	5	major	major	I	I, major	V		I	I	False	V65	V65, major		V65, major		V	V7	5		-2	-2	-2	-1	3	F	A	Bb	Bb	dominant seventh chord	1	True	True	True	True	True	5	5	5	7	True	False	True
264	12	53.0	75	-3	E	-1	2.0	2	True	3	2	1	1	3/4	True	-1	15	15	15	15a	5	66	False	True				False	29	V65	Bb	I		V65	V		65			Mm7	False	False	(5, 2, -1, 1)	()	1	5	major	major	I	I, major	V		I	I	False	V65	V65, major		V65, major		V	V7	5		-2	-2	-2	-1	3	F	A	Bb	Bb	dominant seventh chord	1	True	True	True	True	True	-1	-1	-1	4	True	False	False
264	12	53.0	77	-1	F	0	2.0	2	True	3	2	2	1	3/4	True	-1	15	15	15	15a	5	66	False	True				False	29	V65	Bb	I		V65	V		65			Mm7	False	False	(5, 2, -1, 1)	()	1	5	major	major	I	I, major	V		I	I	False	V65	V65, major		V65, major		V	V7	5		-2	-2	-2	-1	3	F	A	Bb	Bb	dominant seventh chord	1	True	True	True	True	True	1	1	1	5	True	True	False
276	4	54.5	74	2	D	0	3.5	0	False	3	2	1	1	1/4	True	-1	15	15	15	15a	5	69	False	False				False	29	V65	Bb	I		V65	V		65			Mm7	False	False	(5, 2, -1, 1)	()	1	5	major	major	I	I, major	V		I	I	False	V65	V65, major		V65, major		V	V7	5		-2	-2	-2	-1	3	F	A	Bb	Bb	dominant seventh chord	1	True	True	True	True	True	4	4	4	3	False	False	False
276	4	54.5	77	-1	F	0	3.5	0	False	3	2	2	1	1/4	True	-1	15	15	15	15a	5	69	False	False				False	29	V65	Bb	I		V65	V		65			Mm7	False	False	(5, 2, -1, 1)	()	1	5	major	major	I	I, major	V		I	I	False	V65	V65, major		V65, major		V	V7	5		-2	-2	-2	-1	3	F	A	Bb	Bb	dominant seventh chord	1	True	True	True	True	True	1	1	1	5	True	True	False
280	24	55.0	46	-2	B	-1	1.0	1	True	3	2	3	1	3/2	True	-1	16	16	16	16a	2	70	False	True	IAC	IAC	}{	True	30	I|IAC}{	Bb	I		I	I					M	False	False	(0, 4, 1)	()	0	0	major	major	I	I, major	I		I	I	False	I	I, major		I, major		I	I	1		-2	-2	-2	-2	-2	Bb	Bb	Bb	Bb	major triad	0	True	True	True	True	True	0	0	0	1	True	True	True
280	24	55.0	46	-2	B	-1	1.0	1	True	3	2	4	1	3/2	True	-1	16	16	16	16a	2	70	False	True	IAC	IAC	}{	True	30	I|IAC}{	Bb	I		I	I					M	False	False	(0, 4, 1)	()	0	0	major	major	I	I, major	I		I	I	False	I	I, major		I, major		I	I	1		-2	-2	-2	-2	-2	Bb	Bb	Bb	Bb	major triad	0	True	True	True	True	True	0	0	0	1	True	True	True
280	24	55.0	74	2	D	0	1.0	1	True	3	2	1	1	3/2	True	-1	16	16	16	16a	5	70	False	True	IAC	IAC	}{	True	30	I|IAC}{	Bb	I		I	I					M	False	False	(0, 4, 1)	()	0	0	major	major	I	I, major	I		I	I	False	I	I, major		I, major		I	I	1		-2	-2	-2	-2	-2	Bb	Bb	Bb	Bb	major triad	0	True	True	True	True	True	4	4	4	3	True	False	False
280	24	55.0	77	-1	F	0	1.0	1	True	3	2	2	1	3/2	True	-1	16	16	16	16a	5	70	False	True	IAC	IAC	}{	True	30	I|IAC}{	Bb	I		I	I					M	False	False	(0, 4, 1)	()	0	0	major	major	I	I, major	I		I	I	False	I	I, major		I, major		I	I	1		-2	-2	-2	-2	-2	Bb	Bb	Bb	Bb	major triad	0	True	True	True	True	True	1	1	1	5	True	False	False
304	8	58.0	58	-2	B	-1	1.0	1	True	3	2	3	1	1/2	True	-1	17	17	17	17a	3	76	False	False				False	30	I|IAC}{	Bb	I		I	I					M	False	False	(0, 4, 1)	()	0	0	major	major	I	I, major	I		I	I	False	I	I, major		I, major		I	I	1		-2	-2	-2	-2	-2	Bb	Bb	Bb	Bb	major triad	0	True	True	True	True	True	0	0	0	1	True	True	True
304	8	58.0	58	-2	B	-1	1.0	1	True	3	2	4	1	1/2	True	-1	17	17	17	17a	3	76	False	False				False	30	I|IAC}{	Bb	I		I	I					M	False	False	(0, 4, 1)	()	0	0	major	major	I	I, major	I		I	I	False	I	I, major		I, major		I	I	1		-2	-2	-2	-2	-2	Bb	Bb	Bb	Bb	major triad	0	True	True	True	True	True	0	0	0	1	True	True	True
304	8	58.0	74	2	D	0	1.0	1	True	3	2	2	1	1/2	True	-1	17	17	17	17a	5	76	False	False				False	30	I|IAC}{	Bb	I		I	I					M	False	False	(0, 4, 1)	()	0	0	major	major	I	I, major	I		I	I	False	I	I, major		I, major		I	I	1		-2	-2	-2	-2	-2	Bb	Bb	Bb	Bb	major triad	0	True	True	True	True	True	4	4	4	3	True	False	False
304	8	58.0	77	-1	F	0	1.0	1	True	3	2	1	1	1/2	True	-1	17	17	17	17a	5	76	False	False				False	30	I|IAC}{	Bb	I		I	I					M	False	False	(0, 4, 1)	()	0	0	major	major	I	I, major	I		I	I	False	I	I, major		I, major		I	I	1		-2	-2	-2	-2	-2	Bb	Bb	Bb	Bb	major triad	0	True	True	True	True	True	1	1	1	5	True	False	False
312	16	59.0	57	3	A	0	2.0	2	True	3	2	3	1	1	True	-1	17	17	17	17a	3	78	False	True				False	31	vi.#viio6	Bb	vi		#viio6	#vii	o	6			o	False	True	(2, -1, 5)	()	5	2	major	minor	vi	vi, major	#vii		vi	vi	True	#viio6	#viio6, minor		#viio6, minor		#vii	viio	#7		-2	1	1	6	3	F#	A	G	G	diminished triad	1	True	True	True	True	True	5	2	2	2	True	False	True
312	16	59.0	57	3	A	0	2.0	2	True	3	2	4	1	1	True	-1	17	17	17	17a	3	78	False	True				False	31	vi.#viio6	Bb	vi		#viio6	#vii	o	6			o	False	True	(2, -1, 5)	()	5	2	major	minor	vi	vi, major	#vii		vi	vi	True	#viio6	#viio6, minor		#viio6, minor		#vii	viio	#7		-2	1	1	6	3	F#	A	G	G	diminished triad	1	True	True	True	True	True	5	2	2	2	True	False	True
312	16	59.0	72	0	C	0	2.0	2	True	3	2	2	1	1	True	-1	17	17	17	17a	5	78	False	True				False	31	vi.#viio6	Bb	vi		#viio6	#vii	o	6			o	False	True	(2, -1, 5)	()	5	2	major	minor	vi	vi, major	#vii		vi	vi	True	#viio6	#viio6, minor		#viio6, minor		#vii	viio	#7		-2	1	1	6	3	F#	A	G	G	diminished triad	1	True	True	True	True	True	2	-1	-1	4	True	False	False
312	16	59.0	78	6	F	1	2.0	2	True	3	2	1	1	1	True	-1	17	17	17	17a	5	78	False	True				False	31	vi.#viio6	Bb	vi		#viio6	#vii	o	6			o	False	True	(2, -1, 5)	()	5	2	major	minor	vi	vi, major	#vii		vi	vi	True	#viio6	#viio6, minor		#viio6, minor		#vii	viio	#7		-2	1	1	6	3	F#	A	G	G	diminished triad	1	True	True	True	True	True	8	5	5	#7	True	True	False
328	24	61.0	55	1	G	0	1.0	1	True	3	2	3	1	3/2	True	-1	18	18	18	18a	3	82	False	True	PAC	PAC	}{	True	32	i|PAC}{	Bb	vi		i	i					m	False	True	(0, -3, 1)	()	0	0	major	minor	vi	vi, major	i		vi	vi	True	i	i, minor		i, minor		i	i	1		-2	1	1	1	1	G	G	G	G	minor triad	0	True	True	True	True	True	3	0	0	1	True	True	True
328	24	61.0	55	1	G	0	1.0	1	True	3	2	4	1	3/2	True	-1	18	18	18	18a	3	82	False	True	PAC	PAC	}{	True	32	i|PAC}{	Bb	vi		i	i					m	False	True	(0, -3, 1)	()	0	0	major	minor	vi	vi, major	i		vi	vi	True	i	i, minor		i, minor		i	i	1		-2	1	1	1	1	G	G	G	G	minor triad	0	True	True	True	True	True	3	0	0	1	True	True	True
328	24	61.0	70	-2	B	-1	1.0	1	True	3	2	2	1	3/2	True	-1	18	18	18	18a	4	82	False	True	PAC	PAC	}{	True	32	i|PAC}{	Bb	vi		i	i					m	False	True	(0, -3, 1)	()	0	0	major	minor	vi	vi, major	i		vi	vi	True	i	i, minor		i, minor		i	i	1		-2	1	1	1	1	G	G	G	G	minor triad	0	True	True	True	True	True	0	-3	-3	3	True	False	False
328	24	61.0	79	1	G	0	1.0	1	True	3	2	1	1	3/2	True	-1	18	18	18	18a	5	82	False	True	PAC	PAC	}{	True	32	i|PAC}{	Bb	vi		i	i					m	False	True	(0, -3, 1)	()	0	0	major	minor	vi	vi, major	i		vi	vi	True	i	i, minor		i, minor		i	i	1		-2	1	1	1	1	G	G	G	G	minor triad	0	True	True	True	True	True	3	0	0	1	True	True	True
352	8	64.0	55	1	G	0	1.0	1	True	3	2	3	1	1/2	True	-1	19	19	19	19a	3	88	False	False				False	32	i|PAC}{	Bb	vi		i	i					m	False	True	(0, -3, 1)	()	0	0	major	minor	vi	vi, major	i		vi	vi	True	i	i, minor		i, minor		i	i	1		-2	1	1	1	1	G	G	G	G	minor triad	0	True	True	True	True	True	3	0	0	1	True	True	True
352	8	64.0	55	1	G	0	1.0	1	True	3	2	4	1	1/2	True	-1	19	19	19	19a	3	88	False	False				False	32	i|PAC}{	Bb	vi		i	i					m	False	True	(0, -3, 1)	()	0	0	major	minor	vi	vi, major	i		vi	vi	True	i	i, minor		i, minor		i	i	1		-2	1	1	1	1	G	G	G	G	minor triad	0	True	True	True	True	True	3	0	0	1	True	True	True
352	8	64.0	70	-2	B	-1	1.0	1	True	3	2	1	1	1/2	True	-1	19	19	19	19a	4	88	False	False				False	32	i|PAC}{	Bb	vi		i	i					m	False	True	(0, -3, 1)	()	0	0	major	minor	vi	vi, major	i		vi	vi	True	i	i, minor		i, minor		i	i	1		-2	1	1	1	1	G	G	G	G	minor triad	0	True	True	True	True	True	0	-3	-3	3	True	False	False
352	8	64.0	74	2	D	0	1.0	1	True	3	2	2	1	1/2	True	-1	19	19	19	19a	5	88	False	False				False	32	i|PAC}{	Bb	vi		i	i					m	False	True	(0, -3, 1)	()	0	0	major	minor	vi	vi, major	i		vi	vi	True	i	i, minor		i, minor		i	i	1		-2	1	1	1	1	G	G	G	G	minor triad	0	True	True	True	True	True	4	1	1	5	True	False	False
360	16	65.0	51	-3	E	-1	2.0	2	True	3	2	3	1	1	True	-1	19	19	19	19a	3	90	False	True				False	33	iv6	Bb	vi		iv6	iv		6			m	False	True	(-4, 0, -1)	()	-1	-4	major	minor	vi	vi, major	iv		vi	vi	True	iv6	iv6, minor		iv6, minor		iv	iv	4		-2	1	1	0	-3	C	Eb	G	G	minor triad	1	True	True	True	True	True	-1	-4	-4	6	True	False	True
360	16	65.0	51	-3	E	-1	2.0	2	True	3	2	4	1	1	True	-1	19	19	19	19a	3	90	False	True				False	33	iv6	Bb	vi		iv6	iv		6			m	False	True	(-4, 0, -1)	()	-1	-4	major	minor	vi	vi, major	iv		vi	vi	True	iv6	iv6, minor		iv6, minor		iv	iv	4		-2	1	1	0	-3	C	Eb	G	G	minor triad	1	True	True	True	True	True	-1	-4	-4	6	True	False	True
360	16	65.0	67	1	G	0	2.0	2	True	3	2	2	1	1	True	-1	19	19	19	19a	4	90	False	True				False	33	iv6	Bb	vi		iv6	iv		6			m	False	True	(-4, 0, -1)	()	-1	-4	major	minor	vi	vi, major	iv		vi	vi	True	iv6	iv6, minor		iv6, minor		iv	iv	4		-2	1	1	0	-3	C	Eb	G	G	minor triad	1	True	True	True	True	True	3	0	0	1	True	False	False
360	16	65.0	72	0	C	0	2.0	2	True	3	2	1	1	1	True	-1	19	19	19	19a	5	90	False	True				False	33	iv6	Bb	vi		iv6	iv		6			m	False	True	(-4, 0, -1)	()	-1	-4	major	minor	vi	vi, major	iv		vi	vi	True	iv6	iv6, minor		iv6, minor		iv	iv	4		-2	1	1	0	-3	C	Eb	G	G	minor triad	1	True	True	True	True	True	2	-1	-1	4	True	True	False
376	24	67.0	50	2	D	0	1.0	1	True	3	2	3	1	3/2	True	-1	20	20	20	20a	3	94	False	True	HC	HC	}	True	34	V|HC}	Bb	vi		V	V					M	False	True	(1, 5, 2)	()	1	1	major	minor	vi	vi, major	V		vi	vi	True	V	V, minor		V, minor		V	V	5		-2	1	1	2	2	D	D	G	G	major triad	0	True	True	True	True	True	4	1	1	5	True	True	True
376	24	67.0	50	2	D	0	1.0	1	True	3	2	4	1	3/2	True	-1	20	20	20	20a	3	94	False	True	HC	HC	}	True	34	V|HC}	Bb	vi		V	V					M	False	True	(1, 5, 2)	()	1	1	major	minor	vi	vi, major	V		vi	vi	True	V	V, minor		V, minor		V	V	5		-2	1	1	2	2	D	D	G	G	major triad	0	True	True	True	True	True	4	1	1	5	True	True	True
376	24	67.0	66	6	F	1	1.0	1	True	3	2	2	1	3/2	True	-1	20	20	20	20a	4	94	False	True	HC	HC	}	True	34	V|HC}	Bb	vi		V	V					M	False	True	(1, 5, 2)	()	1	1	major	minor	vi	vi, major	V		vi	vi	True	V	V, minor		V, minor		V	V	5		-2	1	1	2	2	D	D	G	G	major triad	0	True	True	True	True	True	8	5	5	#7	True	False	False
376	24	67.0	74	2	D	0	1.0	1	True	3	2	1	1	3/2	True	-1	20	20	20	20a	5	94	False	True	HC	HC	}	True	34	V|HC}	Bb	vi		V	V					M	False	True	(1, 5, 2)	()	1	1	major	minor	vi	vi, major	V		vi	vi	True	V	V, minor		V, minor		V	V	5		-2	1	1	2	2	D	D	G	G	major triad	0	True	True	True	True	True	4	1	1	5	True	True	True
400	8	70.0	46	-2	B	-1	1.0	1	True	4	4	4	1	1/2	True	-1	21	21	21	21a	2	100	True	True			{	False	35	I.I{	Bb	I		I	I					M	False	False	(0, 4, 1)	()	0	0	major	major	I	I, major	I		I	I	False	I	I, major		I, major		I	I	1		-2	-2	-2	-2	-2	Bb	Bb	Bb	Bb	major triad	0	True	True	True	True	True	0	0	0	1	True	True	True
402	1	70.5	46	-2	B	-1	1.5	0	False	4	4	3	1	1/16	True	-1	21	21	21	21a	2	201/2	False	False				False	35	I.I{	Bb	I		I	I					M	False	False	(0, 4, 1)	()	0	0	major	major	I	I, major	I		I	I	False	I	I, major		I, major		I	I	1		-2	-2	-2	-2	-2	Bb	Bb	Bb	Bb	major triad	0	True	True	True	True	True	0	0	0	1	True	True	True
403	1	70.75	48	0	C	0	1.75	0	False	4	4	3	1	1/16	True	-1	21	21	21	21a	3	403/4	False	False				False	35	I.I{	Bb	I		I	I					M	False	False	(0, 4, 1)	()	0	0	major	major	I	I, major	I		I	I	False	I	I, major		I, major		I	I	1		-2	-2	-2	-2	-2	Bb	Bb	Bb	Bb	major triad	0	True	True	True	True	True	2	2	2	2	False	False	False
404	2	71.0	50	2	D	0	2.0	2	True	4	4	3	1	1/8	True	-1	21	21	21	21a	3	101	False	False				False	35	I.I{	Bb	I		I	I					M	False	False	(0, 4, 1)	()	0	0	major	major	I	I, major	I		I	I	False	I	I, major		I, major		I	I	1		-2	-2	-2	-2	-2	Bb	Bb	Bb	Bb	major triad	0	True	True	True	True	True	4	4	4	3	True	False	False
406	1	71.5	48	0	C	0	2.5	0	False	4	4	3	1	1/16	True	-1	21	21	21	21a	3	203/2	False	False				False	35	I.I{	Bb	I		I	I					M	False	False	(0, 4, 1)	()	0	0	major	major	I	I, major	I		I	I	False	I	I, major		I, major		I	I	1		-2	-2	-2	-2	-2	Bb	Bb	Bb	Bb	major triad	0	True	True	True	True	True	2	2	2	2	False	False	False
407	1	71.75	46	-2	B	-1	2.75	0	False	4	4	3	1	1/16	True	-1	21	21	21	21a	2	407/4	False	False				False	35	I.I{	Bb	I		I	I					M	False	False	(0, 4, 1)	()	0	0	major	major	I	I, major	I		I	I	False	I	I, major		I, major		I	I	1		-2	-2	-2	-2	-2	Bb	Bb	Bb	Bb	major triad	0	True	True	True	True	True	0	0	0	1	True	True	True
408	8	72.0	45	3	A	0	3.0	3	True	4	4	4	1	1/2	True	-1	21	21	21	21a	2	102	False	True				False	36	V6	Bb	I		V6	V		6			M	False	False	(5, 2, 1)	()	1	5	major	major	I	I, major	V		I	I	False	V6	V6, major		V6, major		V	V	5		-2	-2	-2	-1	3	F	A	Bb	Bb	major triad	1	True	True	True	True	True	5	5	5	7	True	False	True
408	2	72.0	53	-1	F	0	3.0	3	True	4	4	3	1	1/8	True	-1	21	21	21	21a	3	102	False	True				False	36	V6	Bb	I		V6	V		6			M	False	False	(5, 2, 1)	()	1	5	major	major	I	I, major	V		I	I	False	V6	V6, major		V6, major		V	V	5		-2	-2	-2	-1	3	F	A	Bb	Bb	major triad	1	True	True	True	True	True	1	1	1	5	True	True	False
410	1	72.5	53	-1	F	0	3.5	0	False	4	4	3	1	1/16	True	-1	21	21	21	21a	3	205/2	False	False				False	36	V6	Bb	I		V6	V		6			M	False	False	(5, 2, 1)	()	1	5	major	major	I	I, major	V		I	I	False	V6	V6, major		V6, major		V	V	5		-2	-2	-2	-1	3	F	A	Bb	Bb	major triad	1	True	True	True	True	True	1	1	1	5	True	True	False
411	1	72.75	55	1	G	0	3.75	0	False	4	4	3	1	1/16	True	-1	21	21	21	21a	3	411/4	False	False				False	36	V6	Bb	I		V6	V		6			M	False	False	(5, 2, 1)	()	1	5	major	major	I	I, major	V		I	I	False	V6	V6, major		V6, major		V	V	5		-2	-2	-2	-1	3	F	A	Bb	Bb	major triad	1	True	True	True	True	True	3	3	3	6	False	False	False
412	2	73.0	57	3	A	0	4.0	4	True	4	4	3	1	1/8	True	-1	21	21	21	21a	3	103	False	False				False	36	V6	Bb	I		V6	V		6			M	False	False	(5, 2, 1)	()	1	5	major	major	I	I, major	V		I	I	False	V6	V6, major		V6, major		V	V	5		-2	-2	-2	-1	3	F	A	Bb	Bb	major triad	1	True	True	True	True	True	5	5	5	7	True	False	True
414	1	73.5	55	1	G	0	4.5	0	False	4	4	3	1	1/16	True	-1	21	21	21	21a	3	207/2	False	False				False	36	V6	Bb	I		V6	V		6			M	False	False	(5, 2, 1)	()	1	5	major	major	I	I, major	V		I	I	False	V6	V6, major		V6, major		V	V	5		-2	-2	-2	-1	3	F	A	Bb	Bb	major triad	1	True	True	True	True	True	3	3	3	6	False	False	False
415	1	73.75	53	-1	F	0	4.75	0	False	4	4	3	1	1/16	True	-1	21	21	21	21a	3	415/4	False	False				False	36	V6	Bb	I		V6	V		6			M	False	False	(5, 2, 1)	()	1	5	major	major	I	I, major	V		I	I	False	V6	V6, major		V6, major		V	V	5		-2	-2	-2	-1	3	F	A	Bb	Bb	major triad	1	True	True	True	True	True	1	1	1	5	True	True	False
416	8	74.0	46	-2	B	-1	1.0	1	True	4	4	4	1	1/2	True	-1	22	22	22	22a	2	104	False	True				False	37	I	Bb	I		I	I					M	False	False	(0, 4, 1)	()	0	0	major	major	I	I, major	I		I	I	False	I	I, major		I, major		I	I	1		-2	-2	-2	-2	-2	Bb	Bb	Bb	Bb	major triad	0	True	True	True	True	True	0	0	0	1	True	True	True
416	8	74.0	58	-2	B	-1	1.0	1	True	4	4	3	1	1/2	True	-1	22	22	22	22a	3	104	False	True				False	37	I	Bb	I		I	I					M	False	False	(0, 4, 1)	()	0	0	major	major	I	I, major	I		I	I	False	I	I, major		I, major		I	I	1		-2	-2	-2	-2	-2	Bb	Bb	Bb	Bb	major triad	0	True	True	True	True	True	0	0	0	1	True	True	True
418	1	74.5	70	-2	B	-1	1.5	0	False	4	4	2	1	1/16	True	-1	22	22	22	22a	4	209/2	False	False				False	37	I	Bb	I		I	I					M	False	False	(0, 4, 1)	()	0	0	major	major	I	I, major	I		I	I	False	I	I, major		I, major		I	I	1		-2	-2	-2	-2	-2	Bb	Bb	Bb	Bb	major triad	0	True	True	True	True	True	0	0	0	1	True	True	True
419	1	74.75	72	0	C	0	1.75	0	False	4	4	2	1	1/16	True	-1	22	22	22	22a	5	419/4	False	False				False	37	I	Bb	I		I	I					M	False	False	(0, 4, 1)	()	0	0	major	major	I	I, major	I		I	I	False	I	I, major		I, major		I	I	1		-2	-2	-2	-2	-2	Bb	Bb	Bb	Bb	major triad	0	True	True	True	True	True	2	2	2	2	False	False	False
420	2	75.0	74	2	D	0	2.0	2	True	4	4	2	1	1/8	True	-1	22	22	22	22a	5	105	False	False				False	37	I	Bb	I		I	I					M	False	False	(0, 4, 1)	()	0	0	major	major	I	I, major	I		I	I	False	I	I, major		I, major		I	I	1		-2	-2	-2	-2	-2	Bb	Bb	Bb	Bb	major triad	0	True	True	True	True	True	4	4	4	3	True	False	False
422	1	75.5	72	0	C	0	2.5	0	False	4	4	2	1	1/16	True	-1	22	22	22	22a	5	211/2	False	False				False	37	I	Bb	I		I	I					M	False	False	(0, 4, 1)	()	0	0	major	major	I	I, major	I		I	I	False	I	I, major		I, major		I	I	1		-2	-2	-2	-2	-2	Bb	Bb	Bb	Bb	major triad	0	True	True	True	True	True	2	2	2	2	False	False	False
423	1	75.75	70	-2	B	-1	2.75	0	False	4	4	2	1	1/16	True	-1	22	22	22	22a	4	423/4	False	False				False	37	I	Bb	I		I	I					M	False	False	(0, 4, 1)	()	0	0	major	major	I	I, major	I		I	I	False	I	I, major		I, major		I	I	1		-2	-2	-2	-2	-2	Bb	Bb	Bb	Bb	major triad	0	True	True	True	True	True	0	0	0	1	True	True	True
424	8	76.0	45	3	A	0	3.0	3	True	4	4	4	1	1/2	True	-1	22	22	22	22a	2	106	False	True				False	38	V6	Bb	I		V6	V		6			M	False	False	(5, 2, 1)	()	1	5	major	major	I	I, major	V		I	I	False	V6	V6, major		V6, major		V	V	5		-2	-2	-2	-1	3	F	A	Bb	Bb	major triad	1	True	True	True	True	True	5	5	5	7	True	False	True
424	8	76.0	57	3	A	0	3.0	3	True	4	4	3	1	1/2	True	-1	22	22	22	22a	3	106	False	True				False	38	V6	Bb	I		V6	V		6			M	False	False	(5, 2, 1)	()	1	5	major	major	I	I, major	V		I	I	False	V6	V6, major		V6, major		V	V	5		-2	-2	-2	-1	3	F	A	Bb	Bb	major triad	1	True	True	True	True	True	5	5	5	7	True	False	True
424	2	76.0	77	-1	F	0	3.0	3	True	4	4	2	1	1/8	True	-1	22	22	22	22a	5	106	False	True				False	38	V6	Bb	I		V6	V		6			M	False	False	(5, 2, 1)	()	1	5	major	major	I	I, major	V		I	I	False	V6	V6, major		V6, major		V	V	5		-2	-2	-2	-1	3	F	A	Bb	Bb	major triad	1	True	True	True	True	True	1	1	1	5	True	True	False
426	1	76.5	77	-1	F	0	3.5	0	False	4	4	2	1	1/16	True	-1	22	22	22	22a	5	213/2	False	False				False	38	V6	Bb	I		V6	V		6			M	False	False	(5, 2, 1)	()	1	5	major	major	I	I, major	V		I	I	False	V6	V6, major		V6, major		V	V	5		-2	-2	-2	-1	3	F	A	Bb	Bb	major triad	1	True	True	True	True	True	1	1	1	5	True	True	False
427	1	76.75	79	1	G	0	3.75	0	False	4	4	2	1	1/16	True	-1	22	22	22	22a	5	427/4	False	False				False	38	V6	Bb	I		V6	V		6			M	False	False	(5, 2, 1)	()	1	5	major	major	I	I, major	V		I	I	False	V6	V6, major		V6, major		V	V	5		-2	-2	-2	-1	3	F	A	Bb	Bb	major triad	1	True	True	True	True	True	3	3	3	6	False	False	False
428	2	77.0	81	3	A	0	4.0	4	True	4	4	2	1	1/8	True	-1	22	22	22	22a	5	107	False	False				False	38	V6	Bb	I		V6	V		6			M	False	False	(5, 2, 1)	()	1	5	major	major	I	I, major	V		I	I	False	V6	V6, major		V6, major		V	V	5		-2	-2	-2	-1	3	F	A	Bb	Bb	major triad	1	True	True	True	True	True	5	5	5	7	True	False	True
430	1	77.5	79	1	G	0	4.5	0	False	4	4	2	1	1/16	True	-1	22	22	22	22a	5	215/2	False	False				False	38	V6	Bb	I		V6	V		6			M	False	False	(5, 2, 1)	()	1	5	major	major	I	I, major	V		I	I	False	V6	V6, major		V6, major		V	V	5		-2	-2	-2	-1	3	F	A	Bb	Bb	major triad	1	True	True	True	True	True	3	3	3	6	False	False	False
431	1	77.75	77	-1	F	0	4.75	0	False	4	4	2	1	1/16	True	-1	22	22	22	22a	5	431/4	False	False				False	38	V6	Bb	I		V6	V		6			M	False	False	(5, 2, 1)	()	1	5	major	major	I	I, major	V		I	I	False	V6	V6, major		V6, major		V	V	5		-2	-2	-2	-1	3	F	A	Bb	Bb	major triad	1	True	True	True	True	True	1	1	1	5	True	True	False
432	8	78.0	43	1	G	0	1.0	1	True	4	4	4	1	1/2	True	-1	23	23	23	23a	2	108	False	True				False	39	vi	Bb	I		vi	vi					m	False	False	(3, 0, 4)	()	3	3	major	major	I	I, major	vi		I	I	False	vi	vi, major		vi, major		vi	vi	6		-2	-2	-2	1	1	G	G	Bb	Bb	minor triad	0	True	True	True	True	True	3	3	3	6	True	True	True
432	8	78.0	55	1	G	0	1.0	1	True	4	4	3	1	1/2	True	-1	23	23	23	23a	3	108	False	True				False	39	vi	Bb	I		vi	vi					m	False	False	(3, 0, 4)	()	3	3	major	major	I	I, major	vi		I	I	False	vi	vi, major		vi, major		vi	vi	6		-2	-2	-2	1	1	G	G	Bb	Bb	minor triad	0	True	True	True	True	True	3	3	3	6	True	True	True
432	8	78.0	82	-2	B	-1	1.0	1	True	4	4	2	1	1/2	True	-1	23	23	23	23a	5	108	False	True				False	39	vi	Bb	I		vi	vi					m	False	False	(3, 0, 4)	()	3	3	major	major	I	I, major	vi		I	I	False	vi	vi, major		vi, major		vi	vi	6		-2	-2	-2	1	1	G	G	Bb	Bb	minor triad	0	True	True	True	True	True	0	0	0	1	True	False	False
434	1	78.5	70	-2	B	-1	1.5	0	False	4	4	1	1	1/16	True	-1	23	23	23	23a	4	217/2	False	False				False	39	vi	Bb	I		vi	vi					m	False	False	(3, 0, 4)	()	3	3	major	major	I	I, major	vi		I	I	False	vi	vi, major		vi, major		vi	vi	6		-2	-2	-2	1	1	G	G	Bb	Bb	minor triad	0	True	True	True	True	True	0	0	0	1	True	False	False
435	1	78.75	72	0	C	0	1.75	0	False	4	4	1	1	1/16	True	-1	23	23	23	23a	5	435/4	False	False				False	39	vi	Bb	I		vi	vi					m	False	False	(3, 0, 4)	()	3	3	major	major	I	I, major	vi		I	I	False	vi	vi, major		vi, major		vi	vi	6		-2	-2	-2	1	1	G	G	Bb	Bb	minor triad	0	True	True	True	True	True	2	2	2	2	False	False	False
436	2	79.0	74	2	D	0	2.0	2	True	4	4	1	1	1/8	True	-1	23	23	23	23a	5	109	False	False				False	39	vi	Bb	I		vi	vi					m	False	False	(3, 0, 4)	()	3	3	major	major	I	I, major	vi		I	I	False	vi	vi, major		vi, major		vi	vi	6		-2	-2	-2	1	1	G	G	Bb	Bb	minor triad	0	True	True	True	True	True	4	4	4	3	True	False	False
438	1	79.5	72	0	C	0	2.5	0	False	4	4	1	1	1/16	True	-1	23	23	23	23a	5	219/2	False	False				False	39	vi	Bb	I		vi	vi					m	False	False	(3, 0, 4)	()	3	3	major	major	I	I, major	vi		I	I	False	vi	vi, major		vi, major		vi	vi	6		-2	-2	-2	1	1	G	G	Bb	Bb	minor triad	0	True	True	True	True	True	2	2	2	2	False	False	False
439	1	79.75	70	-2	B	-1	2.75	0	False	4	4	1	1	1/16	True	-1	23	23	23	23a	4	439/4	False	False				False	39	vi	Bb	I		vi	vi					m	False	False	(3, 0, 4)	()	3	3	major	major	I	I, major	vi		I	I	False	vi	vi, major		vi, major		vi	vi	6		-2	-2	-2	1	1	G	G	Bb	Bb	minor triad	0	True	True	True	True	True	0	0	0	1	True	False	False
440	4	80.0	41	-1	F	0	3.0	3	True	4	4	4	1	1/4	True	-1	23	23	23	23a	2	110	False	True				False	40	V	Bb	I		V	V					M	False	False	(1, 5, 2)	()	1	1	major	major	I	I, major	V		I	I	False	V	V, major		V, major		V	V	5		-2	-2	-2	-1	-1	F	F	Bb	Bb	major triad	0	True	True	True	True	True	1	1	1	5	True	True	True
440	8	80.0	53	-1	F	0	3.0	3	True	4	4	3	1	1/2	True	-1	23	23	23	23a	3	110	False	True				False	40	V	Bb	I		V	V					M	False	False	(1, 5, 2)	()	1	1	major	major	I	I, major	V		I	I	False	V	V, major		V, major		V	V	5		-2	-2	-2	-1	-1	F	F	Bb	Bb	major triad	0	True	True	True	True	True	1	1	1	5	True	True	True
440	2	80.0	77	-1	F	0	3.0	3	True	4	4	1	1	1/8	True	-1	23	23	23	23a	5	110	False	True				False	40	V	Bb	I		V	V					M	False	False	(1, 5, 2)	()	1	1	major	major	I	I, major	V		I	I	False	V	V, major		V, major		V	V	5		-2	-2	-2	-1	-1	F	F	Bb	Bb	major triad	0	True	True	True	True	True	1	1	1	5	True	True	True
440	8	80.0	81	3	A	0	3.0	3	True	4	4	2	1	1/2	True	-1	23	23	23	23a	5	110	False	True				False	40	V	Bb	I		V	V					M	False	False	(1, 5, 2)	()	1	1	major	major	I	I, major	V		I	I	False	V	V, major		V, major		V	V	5		-2	-2	-2	-1	-1	F	F	Bb	Bb	major triad	0	True	True	True	True	True	5	5	5	7	True	False	False
442	1	80.5	77	-1	F	0	3.5	0	False	4	4	1	1	1/16	True	-1	23	23	23	23a	5	221/2	False	False				False	40	V	Bb	I		V	V					M	False	False	(1, 5, 2)	()	1	1	major	major	I	I, major	V		I	I	False	V	V, major		V, major		V	V	5		-2	-2	-2	-1	-1	F	F	Bb	Bb	major triad	0	True	True	True	True	True	1	1	1	5	True	True	True
443	1	80.75	79	1	G	0	3.75	0	False	4	4	1	1	1/16	True	-1	23	23	23	23a	5	443/4	False	False				False	40	V	Bb	I		V	V					M	False	False	(1, 5, 2)	()	1	1	major	major	I	I, major	V		I	I	False	V	V, major		V, major		V	V	5		-2	-2	-2	-1	-1	F	F	Bb	Bb	major triad	0	True	True	True	True	True	3	3	3	6	False	False	False
444	4	81.0	53	-1	F	0	4.0	4	True	4	4	4	1	1/4	True	-1	23	23	23	23a	3	111	False	False				False	40	V	Bb	I		V	V					M	False	False	(1, 5, 2)	()	1	1	major	major	I	I, major	V		I	I	False	V	V, major		V, major		V	V	5		-2	-2	-2	-1	-1	F	F	Bb	Bb	major triad	0	True	True	True	True	True	1	1	1	5	True	True	True
444	2	81.0	81	3	A	0	4.0	4	True	4	4	1	1	1/8	True	-1	23	23	23	23a	5	111	False	False				False	40	V	Bb	I		V	V					M	False	False	(1, 5, 2)	()	1	1	major	major	I	I, major	V		I	I	False	V	V, major		V, major		V	V	5		-2	-2	-2	-1	-1	F	F	Bb	Bb	major triad	0	True	True	True	True	True	5	5	5	7	True	False	False
446	1	81.5	79	1	G	0	4.5	0	False	4	4	1	1	1/16	True	-1	23	23	23	23a	5	223/2	False	False				False	40	V	Bb	I		V	V					M	False	False	(1, 5, 2)	()	1	1	major	major	I	I, major	V		I	I	False	V	V, major		V, major		V	V	5		-2	-2	-2	-1	-1	F	F	Bb	Bb	major triad	0	True	True	True	True	True	3	3	3	6	False	False	False
447	1	81.75	77	-1	F	0	4.75	0	False	4	4	1	1	1/16	True	-1	23	23	23	23a	5	447/4	False	False				False	40	V	Bb	I		V	V					M	False	False	(1, 5, 2)	()	1	1	major	major	I	I, major	V		I	I	False	V	V, major		V, major		V	V	5		-2	-2	-2	-1	-1	F	F	Bb	Bb	major triad	0	True	True	True	True	True	1	1	1	5	True	True	True
448	4	82.0	51	-3	E	-1	1.0	1	True	4	4	3	1	1/4	True	-1	24	24	24	24a	3	112	False	True				False	41	IV	Bb	I		IV	IV					M	False	False	(-1, 3, 0)	()	-1	-1	major	major	I	I, major	IV		I	I	False	IV	IV, major		IV, major		IV	IV	4		-2	-2	-2	-3	-3	Eb	Eb	Bb	Bb	major triad	0	True	True	True	True	True	-1	-1	-1	4	True	True	True
448	4	82.0	51	-3	E	-1	1.0	1	True	4	4	4	1	1/4	True	-1	24	24	24	24a	3	112	False	True				False	41	IV	Bb	I		IV	IV					M	False	False	(-1, 3, 0)	()	-1	-1	major	major	I	I, major	IV		I	I	False	IV	IV, major		IV, major		IV	IV	4		-2	-2	-2	-3	-3	Eb	Eb	Bb	Bb	major triad	0	True	True	True	True	True	-1	-1	-1	4	True	True	True
448	8	82.0	79	1	G	0	1.0	1	True	4	4	2	1	1/2	True	-1	24	24	24	24a	5	112	False	True				False	41	IV	Bb	I		IV	IV					M	False	False	(-1, 3, 0)	()	-1	-1	major	major	I	I, major	IV		I	I	False	IV	IV, major		IV, major		IV	IV	4		-2	-2	-2	-3	-3	Eb	Eb	Bb	Bb	major triad	0	True	True	True	True	True	3	3	3	6	True	False	False
448	4	82.0	82	-2	B	-1	1.0	1	True	4	4	1	1	1/4	True	-1	24	24	24	24a	5	112	False	True				False	41	IV	Bb	I		IV	IV					M	False	False	(-1, 3, 0)	()	-1	-1	major	major	I	I, major	IV		I	I	False	IV	IV, major		IV, major		IV	IV	4		-2	-2	-2	-3	-3	Eb	Eb	Bb	Bb	major triad	0	True	True	True	True	True	0	0	0	1	True	False	False
452	4	83.0	48	0	C	0	2.0	2	True	4	4	3	1	1/4	True	-1	24	24	24	24a	3	113	False	True				False	42	vii%65	Bb	I		vii%65	vii	%	65			%7	False	False	(2, -1, 3, 5)	()	5	2	major	major	I	I, major	vii		I	I	False	vii%65	vii%65, major		vii%65, major		vii	vii%7	7		-2	-2	-2	3	0	A	C	Bb	Bb	half-diminished seventh chord	1	True	True	True	True	True	2	2	2	2	True	False	True
452	4	83.0	48	0	C	0	2.0	2	True	4	4	4	1	1/4	True	-1	24	24	24	24a	3	113	False	True				False	42	vii%65	Bb	I		vii%65	vii	%	65			%7	False	False	(2, -1, 3, 5)	()	5	2	major	major	I	I, major	vii		I	I	False	vii%65	vii%65, major		vii%65, major		vii	vii%7	7		-2	-2	-2	3	0	A	C	Bb	Bb	half-diminished seventh chord	1	True	True	True	True	True	2	2	2	2	True	False	True
452	8	83.0	81	3	A	0	2.0	2	True	4	4	1	1	1/2	True	-1	24	24	24	24a	5	113	False	True				False	42	vii%65	Bb	I		vii%65	vii	%	65			%7	False	False	(2, -1, 3, 5)	()	5	2	major	major	I	I, major	vii		I	I	False	vii%65	vii%65, major		vii%65, major		vii	vii%7	7		-2	-2	-2	3	0	A	C	Bb	Bb	half-diminished seventh chord	1	True	True	True	True	True	5	5	5	7	True	True	False
456	4	84.0	50	2	D	0	3.0	3	True	4	4	3	1	1/4	True	-1	24	24	24	24a	3	114	False	True				False	43	iii	Bb	I		iii	iii					m	False	False	(4, 1, 5)	()	4	4	major	major	I	I, major	iii		I	I	False	iii	iii, major		iii, major		iii	iii	3		-2	-2	-2	2	2	D	D	Bb	Bb	minor triad	0	True	True	True	True	True	4	4	4	3	True	True	True
456	4	84.0	50	2	D	0	3.0	3	True	4	4	4	1	1/4	True	-1	24	24	24	24a	3	114	False	True				False	43	iii	Bb	I		iii	iii					m	False	False	(4, 1, 5)	()	4	4	major	major	I	I, major	iii		I	I	False	iii	iii, major		iii, major		iii	iii	3		-2	-2	-2	2	2	D	D	Bb	Bb	minor triad	0	True	True	True	True	True	4	4	4	3	True	True	True
456	8	84.0	77	-1	F	0	3.0	3	True	4	4	2	1	1/2	True	-1	24	24	24	24a	5	114	False	True				False	43	iii	Bb	I		iii	iii					m	False	False	(4, 1, 5)	()	4	4	major	major	I	I, major	iii		I	I	False	iii	iii, major		iii, major		iii	iii	3		-2	-2	-2	2	2	D	D	Bb	Bb	minor triad	0	True	True	True	True	True	1	1	1	5	True	False	False
460	4	85.0	46	-2	B	-1	4.0	4	True	4	4	3	1	1/4	True	-1	24	24	24	24a	2	115	False	True				False	44	vi65	Bb	I		vi65	vi		65			mm7	False	False	(0, 4, 1, 3)	()	3	0	major	major	I	I, major	vi		I	I	False	vi65	vi65, major		vi65, major		vi	vi7	6		-2	-2	-2	1	-2	G	Bb	Bb	Bb	minor seventh chord	1	True	True	True	True	True	0	0	0	1	True	False	True
460	4	85.0	46	-2	B	-1	4.0	4	True	4	4	4	1	1/4	True	-1	24	24	24	24a	2	115	False	True				False	44	vi65	Bb	I		vi65	vi		65			mm7	False	False	(0, 4, 1, 3)	()	3	0	major	major	I	I, major	vi		I	I	False	vi65	vi65, major		vi65, major		vi	vi7	6		-2	-2	-2	1	-2	G	Bb	Bb	Bb	minor seventh chord	1	True	True	True	True	True	0	0	0	1	True	False	True
460	4	85.0	79	1	G	0	4.0	4	True	4	4	1	1	1/4	True	-1	24	24	24	24a	5	115	False	True				False	44	vi65	Bb	I		vi65	vi		65			mm7	False	False	(0, 4, 1, 3)	()	3	0	major	major	I	I, major	vi		I	I	False	vi65	vi65, major		vi65, major		vi	vi7	6		-2	-2	-2	1	-2	G	Bb	Bb	Bb	minor seventh chord	1	True	True	True	True	True	3	3	3	6	True	True	False
464	4	86.0	55	1	G	0	1.0	1	True	4	4	3	1	1/4	True	-1	25	25	25	25a	3	116	False	True				False	45	vi	Bb	I		vi	vi					m	False	False	(3, 0, 4)	()	3	3	major	major	I	I, major	vi		I	I	False	vi	vi, major		vi, major		vi	vi	6		-2	-2	-2	1	1	G	G	Bb	Bb	minor triad	0	True	True	True	True	True	3	3	3	6	True	True	True
464	4	86.0	55	1	G	0	1.0	1	True	4	4	4	1	1/4	True	-1	25	25	25	25a	3	116	False	True				False	45	vi	Bb	I		vi	vi					m	False	False	(3, 0, 4)	()	3	3	major	major	I	I, major	vi		I	I	False	vi	vi, major		vi, major		vi	vi	6		-2	-2	-2	1	1	G	G	Bb	Bb	minor triad	0	True	True	True	True	True	3	3	3	6	True	True	True
464	4	86.0	79	1	G	0	1.0	1	True	4	4	1	1	1/4	False	-1	25	25	25	25a	5	116	False	True				False	45	vi	Bb	I		vi	vi					m	False	False	(3, 0, 4)	()	3	3	major	major	I	I, major	vi		I	I	False	vi	vi, major		vi, major		vi	vi	6		-2	-2	-2	1	1	G	G	Bb	Bb	minor triad	0	True	True	True	True	True	3	3	3	6	True	True	True
464	8	86.0	82	-2	B	-1	1.0	1	True	4	4	2	1	1/2	True	-1	25	25	25	25a	5	116	False	True				False	45	vi	Bb	I		vi	vi					m	False	False	(3, 0, 4)	()	3	3	major	major	I	I, major	vi		I	I	False	vi	vi, major		vi, major		vi	vi	6		-2	-2	-2	1	1	G	G	Bb	Bb	minor triad	0	True	True	True	True	True	0	0	0	1	True	False	False
468	4	87.0	51	-3	E	-1	2.0	2	True	4	4	3	1	1/4	True	-1	25	25	25	25a	3	117	False	True				False	46	ii65	Bb	I		ii65	ii		65			mm7	False	False	(-1, 3, 0, 2)	()	2	-1	major	major	I	I, major	ii		I	I	False	ii65	ii65, major		ii65, major		ii	ii7	2		-2	-2	-2	0	-3	C	Eb	Bb	Bb	minor seventh chord	1	True	True	True	True	True	-1	-1	-1	4	True	False	True
468	4	87.0	51	-3	E	-1	2.0	2	True	4	4	4	1	1/4	True	-1	25	25	25	25a	3	117	False	True				False	46	ii65	Bb	I		ii65	ii		65			mm7	False	False	(-1, 3, 0, 2)	()	2	-1	major	major	I	I, major	ii		I	I	False	ii65	ii65, major		ii65, major		ii	ii7	2		-2	-2	-2	0	-3	C	Eb	Bb	Bb	minor seventh chord	1	True	True	True	True	True	-1	-1	-1	4	True	False	True
468	8	87.0	84	0	C	0	2.0	2	True	4	4	1	1	1/2	True	-1	25	25	25	25a	6	117	False	True				False	46	ii65	Bb	I		ii65	ii		65			mm7	False	False	(-1, 3, 0, 2)	()	2	-1	major	major	I	I, major	ii		I	I	False	ii65	ii65, major		ii65, major		ii	ii7	2		-2	-2	-2	0	-3	C	Eb	Bb	Bb	minor seventh chord	1	True	True	True	True	True	2	2	2	2	True	True	False
472	4	88.0	53	-1	F	0	3.0	3	True	4	4	3	1	1/4	True	-1	25	25	25	25a	3	118	False	True				False	47	V	Bb	I		V	V					M	False	False	(1, 5, 2)	()	1	1	major	major	I	I, major	V		I	I	False	V	V, major		V, major		V	V	5		-2	-2	-2	-1	-1	F	F	Bb	Bb	major triad	0	True	True	True	True	True	1	1	1	5	True	True	True
472	4	88.0	53	-1	F	0	3.0	3	True	4	4	4	1	1/4	True	-1	25	25	25	25a	3	118	False	True				False	47	V	Bb	I		V	V					M	False	False	(1, 5, 2)	()	1	1	major	major	I	I, major	V		I	I	False	V	V, major		V, major		V	V	5		-2	-2	-2	-1	-1	F	F	Bb	Bb	major triad	0	True	True	True	True	True	1	1	1	5	True	True	True
472	8	88.0	81	3	A	0	3.0	3	True	4	4	2	1	1/2	True	-1	25	25	25	25a	5	118	False	True				False	47	V	Bb	I		V	V					M	False	False	(1, 5, 2)	()	1	1	major	major	I	I, major	V		I	I	False	V	V, major		V, major		V	V	5		-2	-2	-2	-1	-1	F	F	Bb	Bb	major triad	0	True	True	True	True	True	5	5	5	7	True	False	False
476	4	89.0	50	2	D	0	4.0	4	True	4	4	3	1	1/4	True	-1	25	25	25	25a	3	119	False	True				False	48	IM65	Bb	I		IM65	I	M	65			MM7	False	False	(4, 1, 5, 0)	()	0	4	major	major	I	I, major	I		I	I	False	IM65	IM65, major		IM65, major		I	I7	1		-2	-2	-2	-2	2	Bb	D	Bb	Bb	major seventh chord	1	True	True	True	True	True	4	4	4	3	True	False	True
476	4	89.0	50	2	D	0	4.0	4	True	4	4	4	1	1/4	True	-1	25	25	25	25a	3	119	False	True				False	48	IM65	Bb	I		IM65	I	M	65			MM7	False	False	(4, 1, 5, 0)	()	0	4	major	major	I	I, major	I		I	I	False	IM65	IM65, major		IM65, major		I	I7	1		-2	-2	-2	-2	2	Bb	D	Bb	Bb	major seventh chord	1	True	True	True	True	True	4	4	4	3	True	False	True
476	4	89.0	82	-2	B	-1	4.0	4	True	4	4	1	1	1/4	True	-1	25	25	25	25a	5	119	False	True				False	48	IM65	Bb	I		IM65	I	M	65			MM7	False	False	(4, 1, 5, 0)	()	0	4	major	major	I	I, major	I		I	I	False	IM65	IM65, major		IM65, major		I	I7	1		-2	-2	-2	-2	2	Bb	D	Bb	Bb	major seventh chord	1	True	True	True	True	True	0	0	0	1	True	True	False
480	4	90.0	51	-3	E	-1	1.0	1	True	4	4	3	1	1/4	True	-1	26	26	26	26a	3	120	False	True				False	49	IV	Bb	I		IV	IV					M	False	False	(-1, 3, 0)	()	-1	-1	major	major	I	I, major	IV		I	I	False	IV	IV, major		IV, major		IV	IV	4		-2	-2	-2	-3	-3	Eb	Eb	Bb	Bb	major triad	0	True	True	True	True	True	-1	-1	-1	4	True	True	True
480	4	90.0	51	-3	E	-1	1.0	1	True	4	4	4	1	1/4	True	-1	26	26	26	26a	3	120	False	True				False	49	IV	Bb	I		IV	IV					M	False	False	(-1, 3, 0)	()	-1	-1	major	major	I	I, major	IV		I	I	False	IV	IV, major		IV, major		IV	IV	4		-2	-2	-2	-3	-3	Eb	Eb	Bb	Bb	major triad	0	True	True	True	True	True	-1	-1	-1	4	True	True	True
480	8	90.0	79	1	G	0	1.0	1	True	4	4	2	1	1/2	True	-1	26	26	26	26a	5	120	False	True				False	49	IV	Bb	I		IV	IV					M	False	False	(-1, 3, 0)	()	-1	-1	major	major	I	I, major	IV		I	I	False	IV	IV, major		IV, major		IV	IV	4		-2	-2	-2	-3	-3	Eb	Eb	Bb	Bb	major triad	0	True	True	True	True	True	3	3	3	6	True	False	False
480	4	90.0	82	-2	B	-1	1.0	1	True	4	4	1	1	1/4	False	-1	26	26	26	26a	5	120	False	True				False	49	IV	Bb	I		IV	IV					M	False	False	(-1, 3, 0)	()	-1	-1	major	major	I	I, major	IV		I	I	False	IV	IV, major		IV, major		IV	IV	4		-2	-2	-2	-3	-3	Eb	Eb	Bb	Bb	major triad	0	True	True	True	True	True	0	0	0	1	True	False	False
484	8	91.0	48	0	C	0	2.0	2	True	4	4	3	1	1/2	True	-1	26	26	26	26a	3	121	False	True				False	50	vii%65	Bb	I		vii%65	vii	%	65			%7	False	False	(2, -1, 3, 5)	()	5	2	major	major	I	I, major	vii		I	I	False	vii%65	vii%65, major		vii%65, major		vii	vii%7	7		-2	-2	-2	3	0	A	C	Bb	Bb	half-diminished seventh chord	1	True	True	True	True	True	2	2	2	2	True	False	True
484	8	91.0	48	0	C	0	2.0	2	True	4	4	4	1	1/2	True	-1	26	26	26	26a	3	121	False	True				False	50	vii%65	Bb	I		vii%65	vii	%	65			%7	False	False	(2, -1, 3, 5)	()	5	2	major	major	I	I, major	vii		I	I	False	vii%65	vii%65, major		vii%65, major		vii	vii%7	7		-2	-2	-2	3	0	A	C	Bb	Bb	half-diminished seventh chord	1	True	True	True	True	True	2	2	2	2	True	False	True
484	4	91.0	81	3	A	0	2.0	2	True	4	4	1	1	1/4	True	-1	26	26	26	26a	5	121	False	True				False	50	vii%65	Bb	I		vii%65	vii	%	65			%7	False	False	(2, -1, 3, 5)	()	5	2	major	major	I	I, major	vii		I	I	False	vii%65	vii%65, major		vii%65, major		vii	vii%7	7		-2	-2	-2	3	0	A	C	Bb	Bb	half-diminished seventh chord	1	True	True	True	True	True	5	5	5	7	True	True	False
488	8	92.0	77	-1	F	0	3.0	3	True	4	4	2	1	1/2	True	-1	26	26	26	26a	5	122	False	True				False	51	V.viio7(2)/V	Bb	V		viio7(2)/V	vii	o	7	2	V	o7	False	False	(1, 3, 0, -3)	()	6	1	major	major	V	V, major	vii/V	V	V/V	II	False	viio7/V	viio7/V, major		viio7(2)/V, major	V	V	viio7	7	5	-2	-1	0	5	0	B	C	F	C	diminished seventh chord	7	True	True	True	True	True	1	0	-1	1	True	False	False
488	8	92.0	80	-4	A	-1	3.0	3	True	4	4	1	1	1/2	True	-1	26	26	26	26a	5	122	False	True				False	51	V.viio7(2)/V	Bb	V		viio7(2)/V	vii	o	7	2	V	o7	False	False	(1, 3, 0, -3)	()	6	1	major	major	V	V, major	vii/V	V	V/V	II	False	viio7/V	viio7/V, major		viio7(2)/V, major	V	V	viio7	7	5	-2	-1	0	5	0	B	C	F	C	diminished seventh chord	7	True	True	True	True	True	-2	-3	-4	b3	True	False	False
492	4	93.0	47	5	B	0	4.0	4	True	4	4	3	1	1/4	True	-1	26	26	26	26a	2	123	False	True				False	52	viio7/V	Bb	V		viio7/V	vii	o	7		V	o7	False	False	(6, 3, 0, -3)	()	6	6	major	major	V	V, major	vii/V	V	V/V	II	False	viio7/V	viio7/V, major		viio7/V, major	V	V	viio7	7	5	-2	-1	0	5	5	B	B	F	C	diminished seventh chord	7	True	True	True	True	True	7	6	5	#4	True	True	True
492	4	93.0	47	5	B	0	4.0	4	True	4	4	4	1	1/4	True	-1	26	26	26	26a	2	123	False	True				False	52	viio7/V	Bb	V		viio7/V	vii	o	7		V	o7	False	False	(6, 3, 0, -3)	()	6	6	major	major	V	V, major	vii/V	V	V/V	II	False	viio7/V	viio7/V, major		viio7/V, major	V	V	viio7	7	5	-2	-1	0	5	5	B	B	F	C	diminished seventh chord	7	True	True	True	True	True	7	6	5	#4	True	True	True
496	8	94.0	48	0	C	0	1.0	1	True	4	4	3	1	1/2	True	-1	27	27	27	27a	3	124	False	True				False	53	V(4)	Bb	V		V(4)	V			4		M	False	False	(1, 0, 2)	()	1	1	major	major	V	V, major	V		V	V	False	V	V, major		V(4), major		V	V	5		-2	-1	-1	0	0	C	C	F	F	major triad	0	True	True	True	True	True	2	1	1	5	True	True	True
496	8	94.0	48	0	C	0	1.0	1	True	4	4	4	1	1/2	True	-1	27	27	27	27a	3	124	False	True				False	53	V(4)	Bb	V		V(4)	V			4		M	False	False	(1, 0, 2)	()	1	1	major	major	V	V, major	V		V	V	False	V	V, major		V(4), major		V	V	5		-2	-1	-1	0	0	C	C	F	F	major triad	0	True	True	True	True	True	2	1	1	5	True	True	True
496	4	94.0	77	-1	F	0	1.0	1	True	4	4	2	1	1/4	False	-1	27	27	27	27a	5	124	False	True				False	53	V(4)	Bb	V		V(4)	V			4		M	False	False	(1, 0, 2)	()	1	1	major	major	V	V, major	V		V	V	False	V	V, major		V(4), major		V	V	5		-2	-1	-1	0	0	C	C	F	F	major triad	0	True	True	True	True	True	1	0	0	1	True	False	False
496	8	94.0	79	1	G	0	1.0	1	True	4	4	1	1	1/2	True	-1	27	27	27	27a	5	124	False	True				False	53	V(4)	Bb	V		V(4)	V			4		M	False	False	(1, 0, 2)	()	1	1	major	major	V	V, major	V		V	V	False	V	V, major		V(4), major		V	V	5		-2	-1	-1	0	0	C	C	F	F	major triad	0	True	True	True	True	True	3	2	2	2	True	False	False
500	4	95.0	76	4	E	0	2.0	2	True	4	4	2	1	1/4	True	-1	27	27	27	27a	5	125	False	True				False	54	V	Bb	V		V	V					M	False	False	(1, 5, 2)	()	1	1	major	major	V	V, major	V		V	V	False	V	V, major		V, major		V	V	5		-2	-1	-1	0	0	C	C	F	F	major triad	0	True	True	True	True	True	6	5	5	7	True	False	False
504	8	96.0	41	-1	F	0	3.0	3	True	4	4	3	1	1/2	True	-1	27	27	27	27a	2	126	False	True	PAC	PAC	}	True	55	I|PAC}	Bb	V		I	I					M	False	False	(0, 4, 1)	()	0	0	major	major	V	V, major	I		V	V	False	I	I, major		I, major		I	I	1		-2	-1	-1	-1	-1	F	F	F	F	major triad	0	True	True	True	True	True	1	0	0	1	True	True	True
504	8	96.0	41	-1	F	0	3.0	3	True	4	4	4	1	1/2	True	-1	27	27	27	27a	2	126	False	True	PAC	PAC	}	True	55	I|PAC}	Bb	V		I	I					M	False	False	(0, 4, 1)	()	0	0	major	major	V	V, major	I		V	V	False	I	I, major		I, major		I	I	1		-2	-1	-1	-1	-1	F	F	F	F	major triad	0	True	True	True	True	True	1	0	0	1	True	True	True
504	8	96.0	77	-1	F	0	3.0	3	True	4	4	1	1	1/2	True	-1	27	27	27	27a	5	126	False	True	PAC	PAC	}	True	55	I|PAC}	Bb	V		I	I					M	False	False	(0, 4, 1)	()	0	0	major	major	V	V, major	I		V	V	False	I	I, major		I, major		I	I	1		-2	-1	-1	-1	-1	F	F	F	F	major triad	0	True	True	True	True	True	1	0	0	1	True	True	True
504	8	96.0	77	-1	F	0	3.0	3	True	4	4	2	1	1/2	True	-1	27	27	27	27a	5	126	False	True	PAC	PAC	}	True	55	I|PAC}	Bb	V		I	I					M	False	False	(0, 4, 1)	()	0	0	major	major	V	V, major	I		V	V	False	I	I, major		I, major		I	I	1		-2	-1	-1	-1	-1	F	F	F	F	major triad	0	True	True	True	True	True	1	0	0	1	True	True	True
528	8	100.0	50	2	D	0	3.0	3	True	3	2	3	1	1/2	True	-1	28	28	28	28a	3	132	False	True			{	False	56	I.I6{	Bb	I		I6	I		6			M	False	False	(4, 1, 0)	()	0	4	major	major	I	I, major	I		I	I	False	I6	I6, major		I6, major		I	I	1		-2	-2	-2	-2	2	Bb	D	Bb	Bb	major triad	1	True	True	True	True	True	4	4	4	3	True	False	True
528	8	100.0	50	2	D	0	3.0	3	True	3	2	4	1	1/2	True	-1	28	28	28	28a	3	132	False	True			{	False	56	I.I6{	Bb	I		I6	I		6			M	False	False	(4, 1, 0)	()	0	4	major	major	I	I, major	I		I	I	False	I6	I6, major		I6, major		I	I	1		-2	-2	-2	-2	2	Bb	D	Bb	Bb	major triad	1	True	True	True	True	True	4	4	4	3	True	False	True
528	8	100.0	65	-1	F	0	3.0	3	True	3	2	2	1	1/2	True	-1	28	28	28	28a	4	132	False	True			{	False	56	I.I6{	Bb	I		I6	I		6			M	False	False	(4, 1, 0)	()	0	4	major	major	I	I, major	I		I	I	False	I6	I6, major		I6, major		I	I	1		-2	-2	-2	-2	2	Bb	D	Bb	Bb	major triad	1	True	True	True	True	True	1	1	1	5	True	False	False
528	8	100.0	70	-2	B	-1	3.0	3	True	3	2	1	1	1/2	True	-1	28	28	28	28a	4	132	False	True			{	False	56	I.I6{	Bb	I		I6	I		6			M	False	False	(4, 1, 0)	()	0	4	major	major	I	I, major	I		I	I	False	I6	I6, major		I6, major		I	I	1		-2	-2	-2	-2	2	Bb	D	Bb	Bb	major triad	1	True	True	True	True	True	0	0	0	1	True	True	False
536	8	101.0	50	2	D	0	1.0	1	True	3	2	3	1	1/2	False	-1	29	29	29	29a	3	134	False	False				False	56	I.I6{	Bb	I		I6	I		6			M	False	False	(4, 1, 0)	()	0	4	major	major	I	I, major	I		I	I	False	I6	I6, major		I6, major		I	I	1		-2	-2	-2	-2	2	Bb	D	Bb	Bb	major triad	1	True	True	True	True	True	4	4	4	3	True	False	True
536	8	101.0	50	2	D	0	1.0	1	True	3	2	4	1	1/2	False	-1	29	29	29	29a	3	134	False	False				False	56	I.I6{	Bb	I		I6	I		6			M	False	False	(4, 1, 0)	()	0	4	major	major	I	I, major	I		I	I	False	I6	I6, major		I6, major		I	I	1		-2	-2	-2	-2	2	Bb	D	Bb	Bb	major triad	1	True	True	True	True	True	4	4	4	3	True	False	True
536	8	101.0	65	-1	F	0	1.0	1	True	3	2	2	1	1/2	False	-1	29	29	29	29a	4	134	False	False				False	56	I.I6{	Bb	I		I6	I		6			M	False	False	(4, 1, 0)	()	0	4	major	major	I	I, major	I		I	I	False	I6	I6, major		I6, major		I	I	1		-2	-2	-2	-2	2	Bb	D	Bb	Bb	major triad	1	True	True	True	True	True	1	1	1	5	True	False	False
536	8	101.0	70	-2	B	-1	1.0	1	True	3	2	1	1	1/2	False	-1	29	29	29	29a	4	134	False	False				False	56	I.I6{	Bb	I		I6	I		6			M	False	False	(4, 1, 0)	()	0	4	major	major	I	I, major	I		I	I	False	I6	I6, major		I6, major		I	I	1		-2	-2	-2	-2	2	Bb	D	Bb	Bb	major triad	1	True	True	True	True	True	0	0	0	1	True	True	False
544	16	102.0	48	0	C	0	2.0	2	True	3	2	3	1	1	True	-1	29	29	29	29a	3	136	False	True				False	57	viio6	Bb	I		viio6	vii	o	6			o	False	False	(2, -1, 5)	()	5	2	major	major	I	I, major	vii		I	I	False	viio6	viio6, major		viio6, major		vii	viio	7		-2	-2	-2	3	0	A	C	Bb	Bb	diminished triad	1	True	True	True	True	True	2	2	2	2	True	False	True
544	16	102.0	48	0	C	0	2.0	2	True	3	2	4	1	1	True	-1	29	29	29	29a	3	136	False	True				False	57	viio6	Bb	I		viio6	vii	o	6			o	False	False	(2, -1, 5)	()	5	2	major	major	I	I, major	vii		I	I	False	viio6	viio6, major		viio6, major		vii	viio	7		-2	-2	-2	3	0	A	C	Bb	Bb	diminished triad	1	True	True	True	True	True	2	2	2	2	True	False	True
544	16	102.0	63	-3	E	-1	2.0	2	True	3	2	2	1	1	True	-1	29	29	29	29a	4	136	False	True				False	57	viio6	Bb	I		viio6	vii	o	6			o	False	False	(2, -1, 5)	()	5	2	major	major	I	I, major	vii		I	I	False	viio6	viio6, major		viio6, major		vii	viio	7		-2	-2	-2	3	0	A	C	Bb	Bb	diminished triad	1	True	True	True	True	True	-1	-1	-1	4	True	False	False
544	16	102.0	69	3	A	0	2.0	2	True	3	2	1	1	1	True	-1	29	29	29	29a	4	136	False	True				False	57	viio6	Bb	I		viio6	vii	o	6			o	False	False	(2, -1, 5)	()	5	2	major	major	I	I, major	vii		I	I	False	viio6	viio6, major		viio6, major		vii	viio	7		-2	-2	-2	3	0	A	C	Bb	Bb	diminished triad	1	True	True	True	True	True	5	5	5	7	True	True	False
560	24	104.0	46	-2	B	-1	1.0	1	True	3	2	3	1	3/2	True	-1	30	30	30	30a	2	140	False	True	PAC	PAC	}	True	58	I|PAC}	Bb	I		I	I					M	False	False	(0, 4, 1)	()	0	0	major	major	I	I, major	I		I	I	False	I	I, major		I, major		I	I	1		-2	-2	-2	-2	-2	Bb	Bb	Bb	Bb	major triad	0	True	True	True	True	True	0	0	0	1	True	True	True
560	24	104.0	46	-2	B	-1	1.0	1	True	3	2	4	1	3/2	True	-1	30	30	30	30a	2	140	False	True	PAC	PAC	}	True	58	I|PAC}	Bb	I		I	I					M	False	False	(0, 4, 1)	()	0	0	major	major	I	I, major	I		I	I	False	I	I, major		I, major		I	I	1		-2	-2	-2	-2	-2	Bb	Bb	Bb	Bb	major triad	0	True	True	True	True	True	0	0	0	1	True	True	True
560	24	104.0	62	2	D	0	1.0	1	True	3	2	2	1	3/2	True	-1	30	30	30	30a	4	140	False	True	PAC	PAC	}	True	58	I|PAC}	Bb	I		I	I					M	False	False	(0, 4, 1)	()	0	0	major	major	I	I, major	I		I	I	False	I	I, major		I, major		I	I	1		-2	-2	-2	-2	-2	Bb	Bb	Bb	Bb	major triad	0	True	True	True	True	True	4	4	4	3	True	False	False
560	24	104.0	70	-2	B	-1	1.0	1	True	3	2	1	1	3/2	True	-1	30	30	30	30a	4	140	False	True	PAC	PAC	}	True	58	I|PAC}	Bb	I		I	I					M	False	False	(0, 4, 1)	()	0	0	major	major	I	I, major	I		I	I	False	I	I, major		I, major		I	I	1		-2	-2	-2	-2	-2	Bb	Bb	Bb	Bb	major triad	0	True	True	True	True	True	0	0	0	1	True	True	True
