quarterbeats	mn	mn_onset	a_duration	a_annotationNumber	label	a_romanNumeral	a_isOnset	a_pitchNames	a_bass	a_root	a_inversion	a_quality	a_pcset	a_localKey	localkey_abs	globalkey	a_tonicizedKey	a_degree1	a_degree2	a_simpleNumeral	valid_chord_label
0.0	1	0	3.0	0	I	I	True	('E-', 'G', 'B-')	E-	E-	0	major triad	(3, 7, 10)	E-	Eb	Eb	E-	1	None	I	True
3.0	2	0	3.0	1	I	I	True	('E-', 'G', 'B-')	E-	E-	0	major triad	(3, 7, 10)	E-	Eb	Eb	E-	1	None	I	True
6.0	3	0	3.0	2	I	I	True	('E-', 'G', 'B-')	E-	E-	0	major triad	(3, 7, 10)	E-	Eb	Eb	E-	1	None	I	True
9.0	4	0	3.0	3	I	I	True	('E-', 'G', 'B-')	E-	E-	0	major triad	(3, 7, 10)	E-	Eb	Eb	E-	1	None	I	True
12.0	5	0	1.5	4	I	I	True	('E-', 'G', 'B-')	E-	E-	0	major triad	(3, 7, 10)	E-	Eb	Eb	E-	1	None	I	True
13.5	5	3/8	1.5	5	ii7	ii7	True	('F', 'A-', 'C', 'E-')	F	F	0	minor seventh chord	(0, 3, 5, 8)	E-	Eb	Eb	E-	2	None	ii7	True
15.0	6	0	3.0	6	I6	I	True	('G', 'B-', 'E-')	G	E-	1	major triad	(3, 7, 10)	E-	Eb	Eb	E-	1	None	I	True
18.0	7	0	1.5	7	V7	V7	True	('B-', 'D', 'F', 'A-')	B-	B-	0	dominant seventh chord	(2, 5, 8, 10)	E-	Eb	Eb	E-	5	None	V7	True
19.5	7	3/8	1.5	8	vi7	vi7	True	('C', 'E-', 'G', 'B-')	C	C	0	minor seventh chord	(0, 3, 7, 10)	E-	Eb	Eb	E-	6	None	vi7	True
21.0	8	0	3.0	9	V65	V7	True	('D', 'F', 'A-', 'B-')	D	B-	1	dominant seventh chord	(2, 5, 8, 10)	E-	Eb	Eb	E-	5	None	V7	True
24.0	9	0	1.5	10	I	I	True	('E-', 'G', 'B-')	E-	E-	0	major triad	(3, 7, 10)	E-	Eb	Eb	E-	1	None	I	True
25.5	9	3/8	1.5	11	ii7	ii7	True	('F', 'A-', 'C', 'E-')	F	F	0	minor seventh chord	(0, 3, 5, 8)	E-	Eb	Eb	E-	2	None	ii7	True
27.0	10	0	1.5	12	I6	I	True	('G', 'B-', 'E-')	G	E-	1	major triad	(3, 7, 10)	E-	Eb	Eb	E-	1	None	I	True
28.5	10	3/8	1.5	13	V65/IV	V7/IV	True	('G', 'B-', 'D-', 'E-')	G	E-	1	dominant seventh chord	(1, 3, 7, 10)	E-	Eb	Eb	A-	5	4	V7	True
30.0	11	0	3.0	14	IV	IV	True	('A-', 'C', 'E-')	A-	A-	0	major triad	(0, 3, 8)	E-	Eb	Eb	E-	4	None	IV	True
33.0	12	0	1.5	15	I64	Cad	True	('B-', 'E-', 'G')	B-	B-	0	major triad	(3, 7, 10)	E-	Eb	Eb	E-	5	None	Cad	True
34.5	12	3/8	1.5	16	V7	V7	True	('B-', 'D', 'F', 'A-')	B-	B-	0	dominant seventh chord	(2, 5, 8, 10)	E-	Eb	Eb	E-	5	None	V7	True
36.0	13	0	3.0	17	I	I	True	('E-', 'G', 'B-')	E-	E-	0	major triad	(3, 7, 10)	E-	Eb	Eb	E-	1	None	I	True
39.0	14	0	1.5	18	I	I	True	('E-', 'G', 'B-')	E-	E-	0	major triad	(3, 7, 10)	E-	Eb	Eb	E-	1	None	I	True
40.5	14	3/8	1.5	19	IV6	IV	True	('C', 'E-', 'A-')	C	A-	1	major triad	(0, 3, 8)	E-	Eb	Eb	E-	4	None	IV	True
42.0	15	0	3.0	20	I64	Cad	True	('B-', 'E-', 'G')	B-	B-	0	major triad	(3, 7, 10)	E-	Eb	Eb	E-	5	None	Cad	True
45.0	16	0	3.0	21	V7	V7	True	('B-', 'D', 'F', 'A-')	B-	B-	0	dominant seventh chord	(2, 5, 8, 10)	E-	Eb	Eb	E-	5	None	V7	True
48.0	17	0	3.0	22	I	I	True	('E-', 'G', 'B-')	E-	E-	0	major triad	(3, 7, 10)	E-	Eb	Eb	E-	1	None	I	True
51.0	18	0	3.0	23	I	I	True	('E-', 'G', 'B-')	E-	E-	0	major triad	(3, 7, 10)	E-	Eb	Eb	E-	1	None	I	True
54.0	19	0	3.0	24	V7	V7	True	('B-', 'D', 'F', 'A-')	B-	B-	0	dominant seventh chord	(2, 5, 8, 10)	E-	Eb	Eb	E-	5	None	V7	True
57.0	20	0	3.0	25	V7	V7	True	('B-', 'D', 'F', 'A-')	B-	B-	0	dominant seventh chord	(2, 5, 8, 10)	E-	Eb	Eb	E-	5	None	V7	True
60.0	21	0	3.0	26	I	I	True	('E-', 'G', 'B-')	E-	E-	0	major triad	(3, 7, 10)	E-	Eb	Eb	E-	1	None	I	True
63.0	22	0	3.0	27	I	I	True	('E-', 'G', 'B-')	E-	E-	0	major triad	(3, 7, 10)	E-	Eb	Eb	E-	1	None	I	True
66.0	23	0	3.0	28	V7	V7	True	('B-', 'D', 'F', 'A-')	B-	B-	0	dominant seventh chord	(2, 5, 8, 10)	E-	Eb	Eb	E-	5	None	V7	True
69.0	24	0	3.0	29	V7	V7	True	('B-', 'D', 'F', 'A-')	B-	B-	0	dominant seventh chord	(2, 5, 8, 10)	E-	Eb	Eb	E-	5	None	V7	True
72.0	25	0	3.0	30	V42/IV	V7/IV	True	('D-', 'E-', 'G', 'B-')	D-	E-	3	dominant seventh chord	(1, 3, 7, 10)	E-	Eb	Eb	A-	5	4	V7	True
75.0	26	0	3.0	31	V42/IV	V7/IV	True	('D-', 'E-', 'G', 'B-')	D-	E-	3	dominant seventh chord	(1, 3, 7, 10)	E-	Eb	Eb	A-	5	4	V7	True
78.0	27	0	3.0	32	IV6	IV	True	('C', 'E-', 'A-')	C	A-	1	major triad	(0, 3, 8)	E-	Eb	Eb	E-	4	None	IV	True
81.0	28	0	3.0	33	IV6	IV	True	('C', 'E-', 'A-')	C	A-	1	major triad	(0, 3, 8)	E-	Eb	Eb	E-	4	None	IV	True
84.0	29	0	3.0	34	viio43	viio7	True	('E-', 'G-', 'A', 'C')	E-	A	2	diminished seventh chord	(0, 3, 6, 9)	b-	bb	Eb	b-	#7	None	viio7	True
87.0	30	0	3.0	35	viio43	viio7	True	('E-', 'G-', 'A', 'C')	E-	A	2	diminished seventh chord	(0, 3, 6, 9)	b-	bb	Eb	b-	#7	None	viio7	True
90.0	31	0	3.0	36	i6	i	True	('D-', 'F', 'B-')	D-	B-	1	minor triad	(1, 5, 10)	b-	bb	Eb	b-	1	None	i	True
93.0	32	0	3.0	37	i6	i	True	('D-', 'F', 'B-')	D-	B-	1	minor triad	(1, 5, 10)	b-	bb	Eb	b-	1	None	i	True
96.0	33	0	3.0	38	Ger65	Ger7	True	('G-', 'B-', 'D-', 'E')	G-	E	1	German augmented sixth chord	(1, 4, 6, 10)	b-	bb	Eb	b-	#4	None	Ger7	True
99.0	34	0	3.0	39	Ger65	Ger7	True	('G-', 'B-', 'D-', 'E')	G-	E	1	German augmented sixth chord	(1, 4, 6, 10)	b-	bb	Eb	b-	#4	None	Ger7	True
102.0	35	0	3.0	40	V7	V7	True	('F', 'A', 'C', 'E-')	F	F	0	dominant seventh chord	(0, 3, 5, 9)	b-	bb	Eb	b-	5	None	V7	True
105.0	36	0	3.0	41	i64	Cad	True	('F', 'B-', 'D-')	F	F	0	major triad	(1, 5, 10)	b-	bb	Eb	b-	5	None	Cad	True
108.0	37	0	3.0	42	V7	V7	True	('F', 'A', 'C', 'E-')	F	F	0	dominant seventh chord	(0, 3, 5, 9)	b-	bb	Eb	b-	5	None	V7	True
111.0	38	0	3.0	43	i64	i	True	('F', 'B-', 'D-')	F	B-	2	minor triad	(1, 5, 10)	b-	bb	Eb	b-	1	None	i	True
114.0	39	0	3.0	44	V	V	True	('F', 'A', 'C')	F	F	0	major triad	(0, 5, 9)	B-	Bb	Eb	B-	5	None	V	True
117.0	40	0	3.0	45	V	V	True	('F', 'A', 'C')	F	F	0	major triad	(0, 5, 9)	B-	Bb	Eb	B-	5	None	V	True
120.0	41	0	3.0	46	V7	V7	True	('F', 'A', 'C', 'E-')	F	F	0	dominant seventh chord	(0, 3, 5, 9)	B-	Bb	Eb	B-	5	None	V7	True
123.0	42	0	1.5	47	V7	V7	True	('F', 'A', 'C', 'E-')	F	F	0	dominant seventh chord	(0, 3, 5, 9)	B-	Bb	Eb	B-	5	None	V7	True
124.5	42	3/8	1.5	48	I	I	True	('B-', 'D', 'F')	B-	B-	0	major triad	(2, 5, 10)	B-	Bb	Eb	B-	1	None	I	True
126.0	43	0	3.0	49	V7	V7	True	('F', 'A', 'C', 'E-')	F	F	0	dominant seventh chord	(0, 3, 5, 9)	B-	Bb	Eb	B-	5	None	V7	True
129.0	44	0	1.5	50	V7	V7	True	('F', 'A', 'C', 'E-')	F	F	0	dominant seventh chord	(0, 3, 5, 9)	B-	Bb	Eb	B-	5	None	V7	True
130.5	44	3/8	1.5	51	I	I	True	('B-', 'D', 'F')	B-	B-	0	major triad	(2, 5, 10)	B-	Bb	Eb	B-	1	None	I	True
132.0	45	0	1.5	52	viio6/vi	viio/vi	True	('A', 'C', 'F#')	A	F#	1	diminished triad	(0, 6, 9)	B-	Bb	Eb	g	#7	6	viio	True
133.5	45	3/8	1.5	53	vi	vi	True	('G', 'B-', 'D')	G	G	0	minor triad	(2, 7, 10)	B-	Bb	Eb	B-	6	None	vi	True
135.0	46	0	1.5	54	viio6/IV	viio/IV	True	('F', 'A-', 'D')	F	D	1	diminished triad	(2, 5, 8)	B-	Bb	Eb	E-	7	4	viio	True
136.5	46	3/8	1.5	55	IV	IV	True	('E-', 'G', 'B-')	E-	E-	0	major triad	(3, 7, 10)	B-	Bb	Eb	B-	4	None	IV	True
138.0	47	0	1.5	56	viio6/ii	viio/ii	True	('D', 'F', 'B')	D	B	1	diminished triad	(2, 5, 11)	B-	Bb	Eb	c	#7	2	viio	True
139.5	47	3/8	1.5	57	ii	ii	True	('C', 'E-', 'G')	C	C	0	minor triad	(0, 3, 7)	B-	Bb	Eb	B-	2	None	ii	True
141.0	48	0	1.5	58	I64	Cad	True	('F', 'B-', 'D')	F	F	0	major triad	(2, 5, 10)	B-	Bb	Eb	B-	5	None	Cad	True
142.5	48	3/8	1.5	59	V7	V7	True	('F', 'A', 'C', 'E-')	F	F	0	dominant seventh chord	(0, 3, 5, 9)	B-	Bb	Eb	B-	5	None	V7	True
144.0	49	0	3.0	60	I	I	True	('B-', 'D', 'F')	B-	B-	0	major triad	(2, 5, 10)	B-	Bb	Eb	B-	1	None	I	True
147.0	50	0	3.0	61	I	I	True	('B-', 'D', 'F')	B-	B-	0	major triad	(2, 5, 10)	B-	Bb	Eb	B-	1	None	I	True
150.0	51	0	3.0	62	V7	V7	True	('F', 'A', 'C', 'E-')	F	F	0	dominant seventh chord	(0, 3, 5, 9)	B-	Bb	Eb	B-	5	None	V7	True
153.0	52	0	1.5	63	V7	V7	True	('F', 'A', 'C', 'E-')	F	F	0	dominant seventh chord	(0, 3, 5, 9)	B-	Bb	Eb	B-	5	None	V7	True
154.5	52	3/8	1.5	64	I	I	True	('B-', 'D', 'F')	B-	B-	0	major triad	(2, 5, 10)	B-	Bb	Eb	B-	1	None	I	True
156.0	53	0	3.0	65	V7	V7	True	('F', 'A', 'C', 'E-')	F	F	0	dominant seventh chord	(0, 3, 5, 9)	B-	Bb	Eb	B-	5	None	V7	True
159.0	54	0	1.5	66	V7	V7	True	('F', 'A', 'C', 'E-')	F	F	0	dominant seventh chord	(0, 3, 5, 9)	B-	Bb	Eb	B-	5	None	V7	True
160.5	54	3/8	1.5	67	I	I	True	('B-', 'D', 'F')	B-	B-	0	major triad	(2, 5, 10)	B-	Bb	Eb	B-	1	None	I	True
162.0	55	0	1.5	68	viio6/vi	viio/vi	True	('A', 'C', 'F#')	A	F#	1	diminished triad	(0, 6, 9)	B-	Bb	Eb	g	#7	6	viio	True
163.5	55	3/8	1.5	69	vi	vi	True	('G', 'B-', 'D')	G	G	0	minor triad	(2, 7, 10)	B-	Bb	Eb	B-	6	None	vi	True
165.0	56	0	1.5	70	viio6/IV	viio/IV	True	('F', 'A-', 'D')	F	D	1	diminished triad	(2, 5, 8)	B-	Bb	Eb	E-	7	4	viio	True
166.5	56	3/8	1.5	71	IV	IV	True	('E-', 'G', 'B-')	E-	E-	0	major triad	(3, 7, 10)	B-	Bb	Eb	B-	4	None	IV	True
168.0	57	0	1.5	72	viio6/ii	viio/ii	True	('D', 'F', 'B')	D	B	1	diminished triad	(2, 5, 11)	B-	Bb	Eb	c	#7	2	viio	True
169.5	57	3/8	1.5	73	ii7	ii7	True	('C', 'E-', 'G', 'B-')	C	C	0	minor seventh chord	(0, 3, 7, 10)	B-	Bb	Eb	B-	2	None	ii7	True
171.0	58	0	1.5	74	I64	Cad	True	('F', 'B-', 'D')	F	F	0	major triad	(2, 5, 10)	B-	Bb	Eb	B-	5	None	Cad	True
172.5	58	3/8	1.5	75	V7	V7	True	('F', 'A', 'C', 'E-')	F	F	0	dominant seventh chord	(0, 3, 5, 9)	B-	Bb	Eb	B-	5	None	V7	True
174.0	59	0	3.0	76	I	I	True	('B-', 'D', 'F')	B-	B-	0	major triad	(2, 5, 10)	B-	Bb	Eb	B-	1	None	I	True
177.0	60	0	1.5	77	V43	V7	True	('C', 'E-', 'F', 'A')	C	F	2	dominant seventh chord	(0, 3, 5, 9)	B-	Bb	Eb	B-	5	None	V7	True
178.5	60	3/8	1.5	78	I6	I	True	('D', 'F', 'B-')	D	B-	1	major triad	(2, 5, 10)	B-	Bb	Eb	B-	1	None	I	True
180.0	61	0	1.5	79	ii6	ii	True	('E-', 'G', 'C')	E-	C	1	minor triad	(0, 3, 7)	B-	Bb	Eb	B-	2	None	ii	True
181.5	61	3/8	1.5	80	ii	ii	True	('C', 'E-', 'G')	C	C	0	minor triad	(0, 3, 7)	B-	Bb	Eb	B-	2	None	ii	True
183.0	62	0	1.5	81	V43/ii	V7/ii	True	('D', 'F', 'G', 'B')	D	G	2	dominant seventh chord	(2, 5, 7, 11)	B-	Bb	Eb	c	5	2	V7	True
184.5	62	3/8	1.5	82	ii6	ii	True	('E-', 'G', 'C')	E-	C	1	minor triad	(0, 3, 7)	B-	Bb	Eb	B-	2	None	ii	True
186.0	63	0	3.0	83	V	V	True	('F', 'A', 'C')	F	F	0	major triad	(0, 5, 9)	B-	Bb	Eb	B-	5	None	V	True
189.0	64	0	1.5	84	viio6/V	viio/V	True	('G', 'B-', 'E')	G	E	1	diminished triad	(4, 7, 10)	B-	Bb	Eb	F	7	5	viio	True
190.5	64	3/8	1.5	85	V65	V7	True	('A', 'C', 'E-', 'F')	A	F	1	dominant seventh chord	(0, 3, 5, 9)	B-	Bb	Eb	B-	5	None	V7	True
192.0	65	0	1.5	86	I	I	True	('B-', 'D', 'F')	B-	B-	0	major triad	(2, 5, 10)	B-	Bb	Eb	B-	1	None	I	True
193.5	65	3/8	1.5	87	V6	V	True	('A', 'C', 'F')	A	F	1	major triad	(0, 5, 9)	B-	Bb	Eb	B-	5	None	V	True
195.0	66	0	1.5	88	vi7	vi7	True	('G', 'B-', 'D', 'F')	G	G	0	minor seventh chord	(2, 5, 7, 10)	B-	Bb	Eb	B-	6	None	vi7	True
196.5	66	3/8	1.5	89	V7/V	V7/V	True	('C', 'E', 'G', 'B-')	C	C	0	dominant seventh chord	(0, 4, 7, 10)	B-	Bb	Eb	F	5	5	V7	True
198.0	67	0	1.5	90	V	V	True	('F', 'A', 'C')	F	F	0	major triad	(0, 5, 9)	B-	Bb	Eb	B-	5	None	V	True
199.5	67	3/8	1.5	91	I	I	True	('B-', 'D', 'F')	B-	B-	0	major triad	(2, 5, 10)	B-	Bb	Eb	B-	1	None	I	True
201.0	68	0	1.5	92	V43	V7	True	('C', 'E-', 'F', 'A')	C	F	2	dominant seventh chord	(0, 3, 5, 9)	B-	Bb	Eb	B-	5	None	V7	True
202.5	68	3/8	1.5	93	I6	I	True	('D', 'F', 'B-')	D	B-	1	major triad	(2, 5, 10)	B-	Bb	Eb	B-	1	None	I	True
204.0	69	0	1.5	94	ii6	ii	True	('E-', 'G', 'C')	E-	C	1	minor triad	(0, 3, 7)	B-	Bb	Eb	B-	2	None	ii	True
205.5	69	3/8	1.5	95	ii	ii	True	('C', 'E-', 'G')	C	C	0	minor triad	(0, 3, 7)	B-	Bb	Eb	B-	2	None	ii	True
207.0	70	0	1.5	96	V43/ii	V7/ii	True	('D', 'F', 'G', 'B')	D	G	2	dominant seventh chord	(2, 5, 7, 11)	B-	Bb	Eb	c	5	2	V7	True
208.5	70	3/8	1.5	97	ii6	ii	True	('E-', 'G', 'C')	E-	C	1	minor triad	(0, 3, 7)	B-	Bb	Eb	B-	2	None	ii	True
210.0	71	0	3.0	98	V	V	True	('F', 'A', 'C')	F	F	0	major triad	(0, 5, 9)	B-	Bb	Eb	B-	5	None	V	True
213.0	72	0	1.5	99	viio/V	viio/V	True	('E', 'G', 'B-')	E	E	0	diminished triad	(4, 7, 10)	B-	Bb	Eb	F	7	5	viio	True
214.5	72	3/8	1.5	100	V42	V7	True	('E-', 'F', 'A', 'C')	E-	F	3	dominant seventh chord	(0, 3, 5, 9)	B-	Bb	Eb	B-	5	None	V7	True
216.0	73	0	3.0	101	I6	I	True	('D', 'F', 'B-')	D	B-	1	major triad	(2, 5, 10)	B-	Bb	Eb	B-	1	None	I	True
219.0	74	0	1.5	102	V7	V7	True	('F', 'A', 'C', 'E-')	F	F	0	dominant seventh chord	(0, 3, 5, 9)	B-	Bb	Eb	B-	5	None	V7	True
220.5	74	3/8	1.5	103	vi6	vi	True	('B-', 'D', 'G')	B-	G	1	minor triad	(2, 7, 10)	B-	Bb	Eb	B-	6	None	vi	True
222.0	75	0	1.5	104	V	V	True	('F', 'A', 'C')	F	F	0	major triad	(0, 5, 9)	B-	Bb	Eb	B-	5	None	V	True
223.5	75	3/8	1.5	105	IV6	IV	True	('G', 'B-', 'E-')	G	E-	1	major triad	(3, 7, 10)	B-	Bb	Eb	B-	4	None	IV	True
225.0	76	0	1.5	106	iii6	iii	True	('F', 'A', 'D')	F	D	1	minor triad	(2, 5, 9)	B-	Bb	Eb	B-	3	None	iii	True
226.5	76	3/8	1.5	107	ii6	ii	True	('E-', 'G', 'C')	E-	C	1	minor triad	(0, 3, 7)	B-	Bb	Eb	B-	2	None	ii	True
228.0	77	0	1.5	108	I6	I	True	('D', 'F', 'B-')	D	B-	1	major triad	(2, 5, 10)	B-	Bb	Eb	B-	1	None	I	True
229.5	77	3/8	1.5	109	V	V	True	('F', 'A', 'C')	F	F	0	major triad	(0, 5, 9)	B-	Bb	Eb	B-	5	None	V	True
231.0	78	0	1.5	110	vi6	vi	True	('B-', 'D', 'G')	B-	G	1	minor triad	(2, 7, 10)	B-	Bb	Eb	B-	6	None	vi	True
232.5	78	3/8	1.5	111	V	V	True	('F', 'A', 'C')	F	F	0	major triad	(0, 5, 9)	B-	Bb	Eb	B-	5	None	V	True
234.0	79	0	3.0	112	viio7/vi	viio7/vi	True	('G#', 'B', 'D', 'F')	G#	G#	0	diminished seventh chord	(2, 5, 8, 11)	C	C	Eb	a	#7	6	viio7	True
237.0	80	0	3.0	113	viio7/vi	viio7/vi	True	('G#', 'B', 'D', 'F')	G#	G#	0	diminished seventh chord	(2, 5, 8, 11)	C	C	Eb	a	#7	6	viio7	True
240.0	81	0	3.0	114	I64	Cad	True	('G', 'C', 'E')	G	G	0	major triad	(0, 4, 7)	C	C	Eb	C	5	None	Cad	True
243.0	82	0	3.0	115	V7	V7	True	('G', 'B', 'D', 'F')	G	G	0	dominant seventh chord	(2, 5, 7, 11)	C	C	Eb	C	5	None	V7	True
246.0	83	0	3.0	116	I64	Cad	True	('G', 'C', 'E')	G	G	0	major triad	(0, 4, 7)	C	C	Eb	C	5	None	Cad	True
249.0	84	0	3.0	117	V7	V7	True	('G', 'B', 'D', 'F')	G	G	0	dominant seventh chord	(2, 5, 7, 11)	C	C	Eb	C	5	None	V7	True
252.0	85	0	3.0	118	I64	Cad	True	('G', 'C', 'E')	G	G	0	major triad	(0, 4, 7)	C	C	Eb	C	5	None	Cad	True
255.0	86	0	3.0	119	V7	V7	True	('G', 'B', 'D', 'F')	G	G	0	dominant seventh chord	(2, 5, 7, 11)	C	C	Eb	C	5	None	V7	True
258.0	87	0	3.0	120	I64	Cad	True	('G', 'C', 'E')	G	G	0	major triad	(0, 4, 7)	C	C	Eb	C	5	None	Cad	True
261.0	88	0	3.0	121	V7	V7	True	('G', 'B', 'D', 'F')	G	G	0	dominant seventh chord	(2, 5, 7, 11)	C	C	Eb	C	5	None	V7	True
264.0	89	0	1.5	122	I	I	True	('C', 'E', 'G')	C	C	0	major triad	(0, 4, 7)	C	C	Eb	C	1	None	I	True
265.5	89	3/8	1.5	123	V42/V	V7/V	True	('B-', 'C', 'E', 'G')	B-	C	3	dominant seventh chord	(0, 4, 7, 10)	B-	Bb	Eb	F	5	5	V7	True
267.0	90	0	1.5	124	V65	V7	True	('A', 'C', 'E-', 'F')	A	F	1	dominant seventh chord	(0, 3, 5, 9)	B-	Bb	Eb	B-	5	None	V7	True
268.5	90	3/8	1.5	125	I	I	True	('B-', 'D', 'F')	B-	B-	0	major triad	(2, 5, 10)	B-	Bb	Eb	B-	1	None	I	True
270.0	91	0	1.5	126	V65/vi	V7/vi	True	('F#', 'A', 'C', 'D')	F#	D	1	dominant seventh chord	(0, 2, 6, 9)	B-	Bb	Eb	g	5	6	V7	True
271.5	91	3/8	1.5	127	vi	vi	True	('G', 'B-', 'D')	G	G	0	minor triad	(2, 7, 10)	B-	Bb	Eb	B-	6	None	vi	True
273.0	92	0	1.5	128	ii6	ii	True	('E-', 'G', 'C')	E-	C	1	minor triad	(0, 3, 7)	B-	Bb	Eb	B-	2	None	ii	True
274.5	92	3/8	1.5	129	V	V	True	('F', 'A', 'C')	F	F	0	major triad	(0, 5, 9)	B-	Bb	Eb	B-	5	None	V	True
276.0	93	0	3.0	130	I	I	True	('B-', 'D', 'F')	B-	B-	0	major triad	(2, 5, 10)	B-	Bb	Eb	B-	1	None	I	True
279.0	94	0	3.0	131	I	I	True	('B-', 'D', 'F')	B-	B-	0	major triad	(2, 5, 10)	B-	Bb	Eb	B-	1	None	I	True
282.0	95	0	3.0	132	I	I	True	('B-', 'D', 'F')	B-	B-	0	major triad	(2, 5, 10)	B-	Bb	Eb	B-	1	None	I	True
285.0	96	0	3.0	133	I	I	True	('B-', 'D', 'F')	B-	B-	0	major triad	(2, 5, 10)	B-	Bb	Eb	B-	1	None	I	True
288.0	97	0	3.0	134	vi	vi	True	('G', 'B-', 'D')	G	G	0	minor triad	(2, 7, 10)	B-	Bb	Eb	B-	6	None	vi	True
291.0	98	0	3.0	135	Ger65	Ger7	True	('G-', 'B-', 'D-', 'E')	G-	E	1	German augmented sixth chord	(1, 4, 6, 10)	B-	Bb	Eb	B-	#4	None	Ger7	True
294.0	99	0	3.0	136	I64	Cad	True	('F', 'B-', 'D')	F	F	0	major triad	(2, 5, 10)	B-	Bb	Eb	B-	5	None	Cad	True
297.0	100	0	3.0	137	V7	V7	True	('F', 'A', 'C', 'E-')	F	F	0	dominant seventh chord	(0, 3, 5, 9)	B-	Bb	Eb	B-	5	None	V7	True
300.0	101	0	3.0	138	I	I	True	('B-', 'D', 'F')	B-	B-	0	major triad	(2, 5, 10)	B-	Bb	Eb	B-	1	None	I	True
303.0	102	0	3.0	139	I	I	True	('B-', 'D', 'F')	B-	B-	0	major triad	(2, 5, 10)	B-	Bb	Eb	B-	1	None	I	True
306.0	103	0	3.0	140	I	I	True	('B-', 'D', 'F')	B-	B-	0	major triad	(2, 5, 10)	B-	Bb	Eb	B-	1	None	I	True
309.0	104	0	3.0	141	I	I	True	('B-', 'D', 'F')	B-	B-	0	major triad	(2, 5, 10)	B-	Bb	Eb	B-	1	None	I	True
312.0	105	0	3.0	142	vi	vi	True	('G', 'B-', 'D')	G	G	0	minor triad	(2, 7, 10)	B-	Bb	Eb	B-	6	None	vi	True
315.0	106	0	3.0	143	It6	It	True	('G-', 'B-', 'E')	G-	E	1	Italian augmented sixth chord	(4, 6, 10)	B-	Bb	Eb	B-	#4	None	It	True
318.0	107	0	3.0	144	I64	I	True	('F', 'B-', 'D')	F	B-	2	major triad	(2, 5, 10)	B-	Bb	Eb	B-	1	None	I	True
321.0	108	0	3.0	145	V65/V	V7/V	True	('E', 'G', 'B-', 'C')	E	C	1	dominant seventh chord	(0, 4, 7, 10)	B-	Bb	Eb	F	5	5	V7	True
324.0	109	0	3.0	146	I64	Cad	True	('F', 'B-', 'D')	F	F	0	major triad	(2, 5, 10)	B-	Bb	Eb	B-	5	None	Cad	True
327.0	110	0	1.5	147	I64	Cad	True	('F', 'B-', 'D')	F	F	0	major triad	(2, 5, 10)	B-	Bb	Eb	B-	5	None	Cad	True
328.5	110	3/8	1.5	148	V7	V7	True	('F', 'A', 'C', 'E-')	F	F	0	dominant seventh chord	(0, 3, 5, 9)	B-	Bb	Eb	B-	5	None	V7	True
330.0	111	0	3.0	149	I	I	True	('B-', 'D', 'F')	B-	B-	0	major triad	(2, 5, 10)	B-	Bb	Eb	B-	1	None	I	True
333.0	112	0	1.5	150	viio42/IV	viio7/IV	True	('C-', 'D', 'F', 'A-')	C-	D	3	diminished seventh chord	(2, 5, 8, 11)	B-	Bb	Eb	E-	7	4	viio7	True
334.5	112	3/8	1.5	151	I	I	True	('B-', 'D', 'F')	B-	B-	0	major triad	(2, 5, 10)	B-	Bb	Eb	B-	1	None	I	True
336.0	113	0	1.5	152	viio43/IV	viio7/IV	True	('A-', 'C-', 'D', 'F')	A-	D	2	diminished seventh chord	(2, 5, 8, 11)	B-	Bb	Eb	E-	7	4	viio7	True
337.5	113	3/8	1.5	153	I	I	True	('B-', 'D', 'F')	B-	B-	0	major triad	(2, 5, 10)	B-	Bb	Eb	B-	1	None	I	True
339.0	114	0	1.5	154	viio42/IV	viio7/IV	True	('C-', 'D', 'F', 'A-')	C-	D	3	diminished seventh chord	(2, 5, 8, 11)	B-	Bb	Eb	E-	7	4	viio7	True
340.5	114	3/8	1.5	155	viio43/IV	viio7/IV	True	('A-', 'C-', 'D', 'F')	A-	D	2	diminished seventh chord	(2, 5, 8, 11)	B-	Bb	Eb	E-	7	4	viio7	True
342.0	115	0	1.5	156	IV6	IV	True	('G', 'B-', 'E-')	G	E-	1	major triad	(3, 7, 10)	B-	Bb	Eb	B-	4	None	IV	True
343.5	115	3/8	1.5	157	bVII	bVII	True	('A-', 'C', 'E-')	A-	A-	0	major triad	(0, 3, 8)	B-	Bb	Eb	B-	-7	None	bVII	True
345.0	116	0	1.5	158	IV64	IV	True	('B-', 'E-', 'G')	B-	E-	2	major triad	(3, 7, 10)	B-	Bb	Eb	B-	4	None	IV	True
346.5	116	3/8	1.5	159	iv64	iv	True	('B-', 'E-', 'G-')	B-	E-	2	minor triad	(3, 6, 10)	B-	Bb	Eb	B-	4	None	iv	True
348.0	117	0	1.5	160	viio7	viio7	True	('A', 'C', 'E-', 'G-')	A	A	0	diminished seventh chord	(0, 3, 6, 9)	B-	Bb	Eb	B-	7	None	viio7	True
349.5	117	3/8	1.5	161	V65	V7	True	('A', 'C', 'E-', 'F')	A	F	1	dominant seventh chord	(0, 3, 5, 9)	B-	Bb	Eb	B-	5	None	V7	True
351.0	118	0	3.0	162	V65	V7	True	('A', 'C', 'E-', 'F')	A	F	1	dominant seventh chord	(0, 3, 5, 9)	B-	Bb	Eb	B-	5	None	V7	True
354.0	119	0	3.0	163	I	I	True	('B-', 'D', 'F')	B-	B-	0	major triad	(2, 5, 10)	B-	Bb	Eb	B-	1	None	I	True
357.0	120	0	1.5	164	viio65/IV	viio7/IV	True	('F', 'A-', 'C-', 'D')	F	D	1	diminished seventh chord	(2, 5, 8, 11)	B-	Bb	Eb	E-	7	4	viio7	True
358.5	120	3/8	1.5	165	I	I	True	('B-', 'D', 'F')	B-	B-	0	major triad	(2, 5, 10)	B-	Bb	Eb	B-	1	None	I	True
360.0	121	0	1.5	166	V43/IV	V7/IV	True	('F', 'A-', 'B-', 'D')	F	B-	2	dominant seventh chord	(2, 5, 8, 10)	B-	Bb	Eb	E-	5	4	V7	True
361.5	121	3/8	1.5	167	I	I	True	('B-', 'D', 'F')	B-	B-	0	major triad	(2, 5, 10)	B-	Bb	Eb	B-	1	None	I	True
363.0	122	0	1.5	168	viio43/IV	viio7/IV	True	('A-', 'C-', 'D', 'F')	A-	D	2	diminished seventh chord	(2, 5, 8, 11)	B-	Bb	Eb	E-	7	4	viio7	True
364.5	122	3/8	1.5	169	V43/IV	V7/IV	True	('F', 'A-', 'B-', 'D')	F	B-	2	dominant seventh chord	(2, 5, 8, 10)	B-	Bb	Eb	E-	5	4	V7	True
366.0	123	0	1.5	170	IV	IV	True	('E-', 'G', 'B-')	E-	E-	0	major triad	(3, 7, 10)	B-	Bb	Eb	B-	4	None	IV	True
367.5	123	3/8	1.5	171	bVII	bVII	True	('A-', 'C', 'E-')	A-	A-	0	major triad	(0, 3, 8)	B-	Bb	Eb	B-	-7	None	bVII	True
369.0	124	0	1.5	172	IV	IV	True	('E-', 'G', 'B-')	E-	E-	0	major triad	(3, 7, 10)	B-	Bb	Eb	B-	4	None	IV	True
370.5	124	3/8	1.5	173	iv	iv	True	('E-', 'G-', 'B-')	E-	E-	0	minor triad	(3, 6, 10)	B-	Bb	Eb	B-	4	None	iv	True
372.0	125	0	1.5	174	iiø7	iiø7	True	('C', 'E-', 'G-', 'B-')	C	C	0	half-diminished seventh chord	(0, 3, 6, 10)	B-	Bb	Eb	B-	2	None	ii%7	True
373.5	125	3/8	1.5	175	viio65	viio7	True	('C', 'E-', 'G-', 'A')	C	A	1	diminished seventh chord	(0, 3, 6, 9)	B-	Bb	Eb	B-	7	None	viio7	True
375.0	126	0	1.5	176	V64	V	True	('C', 'F', 'A')	C	F	2	major triad	(0, 5, 9)	B-	Bb	Eb	B-	5	None	V	True
376.5	126	3/8	1.5	177	viio6	viio	True	('C', 'E-', 'A')	C	A	1	diminished triad	(0, 3, 9)	B-	Bb	Eb	B-	7	None	viio	True
378.0	127	0	3.0	178	I	I	True	('B-', 'D', 'F')	B-	B-	0	major triad	(2, 5, 10)	B-	Bb	Eb	B-	1	None	I	True
381.0	128	0	1.0	179	I	I	True	('B-', 'D', 'F')	B-	B-	0	major triad	(2, 5, 10)	B-	Bb	Eb	B-	1	None	I	True
382.0	128	1/4	2.0	180	V7	V7	True	('F', 'A', 'C', 'E-')	F	F	0	dominant seventh chord	(0, 3, 5, 9)	B-	Bb	Eb	B-	5	None	V7	True
384.0	129	0	3.0	181	I	I	True	('B-', 'D', 'F')	B-	B-	0	major triad	(2, 5, 10)	B-	Bb	Eb	B-	1	None	I	True
387.0	130	0	1.0	182	I	I	True	('B-', 'D', 'F')	B-	B-	0	major triad	(2, 5, 10)	B-	Bb	Eb	B-	1	None	I	True
388.0	130	1/4	2.0	183	V7	V7	True	('F', 'A', 'C', 'E-')	F	F	0	dominant seventh chord	(0, 3, 5, 9)	B-	Bb	Eb	B-	5	None	V7	True
390.0	131	0	3.0	184	I	I	True	('B-', 'D', 'F')	B-	B-	0	major triad	(2, 5, 10)	B-	Bb	Eb	B-	1	None	I	True
393.0	132	0	1.0	185	I	I	True	('B-', 'D', 'F')	B-	B-	0	major triad	(2, 5, 10)	B-	Bb	Eb	B-	1	None	I	True
394.0	132	1/4	2.0	186	V7	V7	True	('F', 'A', 'C', 'E-')	F	F	0	dominant seventh chord	(0, 3, 5, 9)	B-	Bb	Eb	B-	5	None	V7	True
396.0	133	0	3.0	187	I	I	True	('B-', 'D', 'F')	B-	B-	0	major triad	(2, 5, 10)	B-	Bb	Eb	B-	1	None	I	True
399.0	134	0	3.0	188	I	I	True	('B-', 'D', 'F')	B-	B-	0	major triad	(2, 5, 10)	B-	Bb	Eb	B-	1	None	I	True
402.0	135	0	3.0	189	I	I	True	('B-', 'D', 'F')	B-	B-	0	major triad	(2, 5, 10)	B-	Bb	Eb	B-	1	None	I	True
405.0	136	0	3.0	190	I	I	True	('B-', 'D', 'F')	B-	B-	0	major triad	(2, 5, 10)	B-	Bb	Eb	B-	1	None	I	True
408.0	137	0	3.0	191	V7	V7	True	('G', 'B', 'D', 'F')	G	G	0	dominant seventh chord	(2, 5, 7, 11)	c	c	Eb	c	5	None	V7	True
411.0	138	0	3.0	192	V7	V7	True	('G', 'B', 'D', 'F')	G	G	0	dominant seventh chord	(2, 5, 7, 11)	c	c	Eb	c	5	None	V7	True
414.0	139	0	3.0	193	V7	V7	True	('G', 'B', 'D', 'F')	G	G	0	dominant seventh chord	(2, 5, 7, 11)	c	c	Eb	c	5	None	V7	True
417.0	140	0	3.0	194	V7	V7	True	('G', 'B', 'D', 'F')	G	G	0	dominant seventh chord	(2, 5, 7, 11)	c	c	Eb	c	5	None	V7	True
420.0	141	0	3.0	195	i	i	True	('C', 'E-', 'G')	C	C	0	minor triad	(0, 3, 7)	c	c	Eb	c	1	None	i	True
423.0	142	0	3.0	196	i	i	True	('C', 'E-', 'G')	C	C	0	minor triad	(0, 3, 7)	c	c	Eb	c	1	None	i	True
426.0	143	0	3.0	197	V42	V7	True	('F', 'G', 'B', 'D')	F	G	3	dominant seventh chord	(2, 5, 7, 11)	c	c	Eb	c	5	None	V7	True
429.0	144	0	3.0	198	V42	V7	True	('F', 'G', 'B', 'D')	F	G	3	dominant seventh chord	(2, 5, 7, 11)	c	c	Eb	c	5	None	V7	True
432.0	145	0	3.0	199	I6	I	True	('C', 'E-', 'A-')	C	A-	1	major triad	(0, 3, 8)	A-	Ab	Eb	A-	1	None	I	True
435.0	146	0	3.0	200	I6	I	True	('C', 'E-', 'A-')	C	A-	1	major triad	(0, 3, 8)	A-	Ab	Eb	A-	1	None	I	True
438.0	147	0	3.0	201	V42	V7	True	('D-', 'E-', 'G', 'B-')	D-	E-	3	dominant seventh chord	(1, 3, 7, 10)	A-	Ab	Eb	A-	5	None	V7	True
441.0	148	0	3.0	202	V42	V7	True	('D-', 'E-', 'G', 'B-')	D-	E-	3	dominant seventh chord	(1, 3, 7, 10)	A-	Ab	Eb	A-	5	None	V7	True
444.0	149	0	3.0	203	i6	i	True	('A-', 'C', 'F')	A-	F	1	minor triad	(0, 5, 8)	f	f	Eb	f	1	None	i	True
447.0	150	0	3.0	204	i6	i	True	('A-', 'C', 'F')	A-	F	1	minor triad	(0, 5, 8)	f	f	Eb	f	1	None	i	True
450.0	151	0	3.0	205	V42	V7	True	('B-', 'C', 'E', 'G')	B-	C	3	dominant seventh chord	(0, 4, 7, 10)	f	f	Eb	f	5	None	V7	True
453.0	152	0	3.0	206	V42	V7	True	('B-', 'C', 'E', 'G')	B-	C	3	dominant seventh chord	(0, 4, 7, 10)	f	f	Eb	f	5	None	V7	True
456.0	153	0	1.0	207	i	i	True	('F', 'A-', 'C')	F	F	0	minor triad	(0, 5, 8)	f	f	Eb	f	1	None	i	True
457.0	153	1/4	2.0	208	i64	Cad	True	('C', 'F', 'A-')	C	C	0	major triad	(0, 5, 8)	f	f	Eb	f	5	None	Cad	True
459.0	154	0	1.0	209	i64	Cad	True	('C', 'F', 'A-')	C	C	0	major triad	(0, 5, 8)	f	f	Eb	f	5	None	Cad	True
460.0	154	1/4	2.0	210	V7	V7	True	('C', 'E', 'G', 'B-')	C	C	0	dominant seventh chord	(0, 4, 7, 10)	f	f	Eb	f	5	None	V7	True
462.0	155	0	1.0	211	i	i	True	('F', 'A-', 'C')	F	F	0	minor triad	(0, 5, 8)	f	f	Eb	f	1	None	i	True
463.0	155	1/4	2.0	212	i64	Cad	True	('C', 'F', 'A-')	C	C	0	major triad	(0, 5, 8)	f	f	Eb	f	5	None	Cad	True
465.0	156	0	1.0	213	i64	Cad	True	('C', 'F', 'A-')	C	C	0	major triad	(0, 5, 8)	f	f	Eb	f	5	None	Cad	True
466.0	156	1/4	2.0	214	V7	V7	True	('C', 'E', 'G', 'B-')	C	C	0	dominant seventh chord	(0, 4, 7, 10)	f	f	Eb	f	5	None	V7	True
468.0	157	0	1.0	215	i	i	True	('F', 'A-', 'C')	F	F	0	minor triad	(0, 5, 8)	f	f	Eb	f	1	None	i	True
469.0	157	1/4	2.0	216	viio/ii	viio/ii	True	('F#', 'A', 'C')	F#	F#	0	diminished triad	(0, 6, 9)	f	f	Eb	g	#7	2	viio	True
471.0	158	0	1.0	217	viio/ii	viio/ii	True	('F#', 'A', 'C')	F#	F#	0	diminished triad	(0, 6, 9)	f	f	Eb	g	#7	2	viio	True
472.0	158	1/4	2.0	218	viio7	viio7	True	('F#', 'A', 'C', 'E-')	F#	F#	0	diminished seventh chord	(0, 3, 6, 9)	g	g	Eb	g	#7	None	viio7	True
474.0	159	0	1.0	219	i	i	True	('G', 'B-', 'D')	G	G	0	minor triad	(2, 7, 10)	g	g	Eb	g	1	None	i	True
475.0	159	1/4	2.0	220	i64	Cad	True	('D', 'G', 'B-')	D	D	0	major triad	(2, 7, 10)	g	g	Eb	g	5	None	Cad	True
477.0	160	0	1.0	221	i64	Cad	True	('D', 'G', 'B-')	D	D	0	major triad	(2, 7, 10)	g	g	Eb	g	5	None	Cad	True
478.0	160	1/4	2.0	222	V7	V7	True	('D', 'F#', 'A', 'C')	D	D	0	dominant seventh chord	(0, 2, 6, 9)	g	g	Eb	g	5	None	V7	True
480.0	161	0	1.0	223	i	i	True	('G', 'B-', 'D')	G	G	0	minor triad	(2, 7, 10)	g	g	Eb	g	1	None	i	True
481.0	161	1/4	2.0	224	VI	VI	True	('E-', 'G', 'B-')	E-	E-	0	major triad	(3, 7, 10)	g	g	Eb	g	6	None	VI	True
483.0	162	0	1.0	225	VI	VI	True	('E-', 'G', 'B-')	E-	E-	0	major triad	(3, 7, 10)	g	g	Eb	g	6	None	VI	True
484.0	162	1/4	2.0	226	viio6/V	viio/V	True	('E', 'G', 'C#')	E	C#	1	diminished triad	(1, 4, 7)	g	g	Eb	D	7	5	viio	True
486.0	163	0	3.0	227	V	V	True	('D', 'F#', 'A')	D	D	0	major triad	(2, 6, 9)	g	g	Eb	g	5	None	V	True
489.0	164	0	1.0	228	V	V	True	('D', 'F#', 'A')	D	D	0	major triad	(2, 6, 9)	g	g	Eb	g	5	None	V	True
490.0	164	1/4	2.0	229	viio6/V	viio/V	True	('E', 'G', 'C#')	E	C#	1	diminished triad	(1, 4, 7)	g	g	Eb	D	7	5	viio	True
492.0	165	0	3.0	230	V	V	True	('D', 'F#', 'A')	D	D	0	major triad	(2, 6, 9)	g	g	Eb	g	5	None	V	True
495.0	166	0	3.0	231	V	V	True	('D', 'F#', 'A')	D	D	0	major triad	(2, 6, 9)	g	g	Eb	g	5	None	V	True
498.0	167	0	3.0	232	viio7/V	viio7/V	True	('D#', 'F#', 'A', 'C')	D#	D#	0	diminished seventh chord	(0, 3, 6, 9)	a	a	Eb	E	7	5	viio7	True
501.0	168	0	3.0	233	viio7/V	viio7/V	True	('D#', 'F#', 'A', 'C')	D#	D#	0	diminished seventh chord	(0, 3, 6, 9)	a	a	Eb	E	7	5	viio7	True
504.0	169	0	3.0	234	i64	Cad	True	('E', 'A', 'C')	E	E	0	major triad	(0, 4, 9)	a	a	Eb	a	5	None	Cad	True
507.0	170	0	3.0	235	i64	Cad	True	('E', 'A', 'C')	E	E	0	major triad	(0, 4, 9)	a	a	Eb	a	5	None	Cad	True
510.0	171	0	3.0	236	V7	V7	True	('E', 'G#', 'B', 'D')	E	E	0	dominant seventh chord	(2, 4, 8, 11)	a	a	Eb	a	5	None	V7	True
513.0	172	0	3.0	237	V7	V7	True	('E', 'G#', 'B', 'D')	E	E	0	dominant seventh chord	(2, 4, 8, 11)	a	a	Eb	a	5	None	V7	True
516.0	173	0	3.0	238	i	i	True	('A', 'C', 'E')	A	A	0	minor triad	(0, 4, 9)	a	a	Eb	a	1	None	i	True
519.0	174	0	3.0	239	V43	V7	True	('B', 'D', 'E', 'G#')	B	E	2	dominant seventh chord	(2, 4, 8, 11)	a	a	Eb	a	5	None	V7	True
522.0	175	0	3.0	240	i	i	True	('A', 'C', 'E')	A	A	0	minor triad	(0, 4, 9)	a	a	Eb	a	1	None	i	True
525.0	176	0	3.0	241	V43	V7	True	('B', 'D', 'E', 'G#')	B	E	2	dominant seventh chord	(2, 4, 8, 11)	a	a	Eb	a	5	None	V7	True
528.0	177	0	3.0	242	i64	Cad	True	('A', 'D', 'F')	A	A	0	major triad	(2, 5, 9)	d	d	Eb	d	5	None	Cad	True
531.0	178	0	3.0	243	i64	Cad	True	('A', 'D', 'F')	A	A	0	major triad	(2, 5, 9)	d	d	Eb	d	5	None	Cad	True
534.0	179	0	3.0	244	V7	V7	True	('A', 'C#', 'E', 'G')	A	A	0	dominant seventh chord	(1, 4, 7, 9)	d	d	Eb	d	5	None	V7	True
537.0	180	0	3.0	245	V7	V7	True	('A', 'C#', 'E', 'G')	A	A	0	dominant seventh chord	(1, 4, 7, 9)	d	d	Eb	d	5	None	V7	True
540.0	181	0	3.0	246	i	i	True	('D', 'F', 'A')	D	D	0	minor triad	(2, 5, 9)	d	d	Eb	d	1	None	i	True
543.0	182	0	3.0	247	V43	V7	True	('E', 'G', 'A', 'C#')	E	A	2	dominant seventh chord	(1, 4, 7, 9)	d	d	Eb	d	5	None	V7	True
546.0	183	0	3.0	248	i	i	True	('D', 'F', 'A')	D	D	0	minor triad	(2, 5, 9)	d	d	Eb	d	1	None	i	True
549.0	184	0	3.0	249	V43	V7	True	('E', 'G', 'A', 'C#')	E	A	2	dominant seventh chord	(1, 4, 7, 9)	d	d	Eb	d	5	None	V7	True
552.0	185	0	3.0	250	i	i	True	('D', 'F', 'A')	D	D	0	minor triad	(2, 5, 9)	d	d	Eb	d	1	None	i	True
555.0	186	0	3.0	251	i	i	True	('D', 'F', 'A')	D	D	0	minor triad	(2, 5, 9)	d	d	Eb	d	1	None	i	True
558.0	187	0	3.0	252	V6	V	True	('D', 'F', 'B-')	D	B-	1	major triad	(2, 5, 10)	E-	Eb	Eb	E-	5	None	V	True
561.0	188	0	3.0	253	V65	V7	True	('D', 'F', 'A-', 'B-')	D	B-	1	dominant seventh chord	(2, 5, 8, 10)	E-	Eb	Eb	E-	5	None	V7	True
564.0	189	0	3.0	254	I	I	True	('E-', 'G', 'B-')	E-	E-	0	major triad	(3, 7, 10)	E-	Eb	Eb	E-	1	None	I	True
567.0	190	0	3.0	255	I	I	True	('E-', 'G', 'B-')	E-	E-	0	major triad	(3, 7, 10)	E-	Eb	Eb	E-	1	None	I	True
570.0	191	0	3.0	256	I	I	True	('E-', 'G', 'B-')	E-	E-	0	major triad	(3, 7, 10)	E-	Eb	Eb	E-	1	None	I	True
573.0	192	0	3.0	257	I	I	True	('E-', 'G', 'B-')	E-	E-	0	major triad	(3, 7, 10)	E-	Eb	Eb	E-	1	None	I	True
576.0	193	0	1.5	258	I	I	True	('E-', 'G', 'B-')	E-	E-	0	major triad	(3, 7, 10)	E-	Eb	Eb	E-	1	None	I	True
577.5	193	3/8	1.5	259	ii7	ii7	True	('F', 'A-', 'C', 'E-')	F	F	0	minor seventh chord	(0, 3, 5, 8)	E-	Eb	Eb	E-	2	None	ii7	True
579.0	194	0	3.0	260	I6	I	True	('G', 'B-', 'E-')	G	E-	1	major triad	(3, 7, 10)	E-	Eb	Eb	E-	1	None	I	True
582.0	195	0	1.5	261	V7	V7	True	('B-', 'D', 'F', 'A-')	B-	B-	0	dominant seventh chord	(2, 5, 8, 10)	E-	Eb	Eb	E-	5	None	V7	True
583.5	195	3/8	1.5	262	vi7	vi7	True	('C', 'E-', 'G', 'B-')	C	C	0	minor seventh chord	(0, 3, 7, 10)	E-	Eb	Eb	E-	6	None	vi7	True
585.0	196	0	3.0	263	V65	V7	True	('D', 'F', 'A-', 'B-')	D	B-	1	dominant seventh chord	(2, 5, 8, 10)	E-	Eb	Eb	E-	5	None	V7	True
588.0	197	0	1.5	264	I	I	True	('E-', 'G', 'B-')	E-	E-	0	major triad	(3, 7, 10)	E-	Eb	Eb	E-	1	None	I	True
589.5	197	3/8	1.5	265	ii7	ii7	True	('F', 'A-', 'C', 'E-')	F	F	0	minor seventh chord	(0, 3, 5, 8)	E-	Eb	Eb	E-	2	None	ii7	True
591.0	198	0	1.5	266	I6	I	True	('G', 'B-', 'E-')	G	E-	1	major triad	(3, 7, 10)	E-	Eb	Eb	E-	1	None	I	True
592.5	198	3/8	1.5	267	V65/IV	V7/IV	True	('G', 'B-', 'D-', 'E-')	G	E-	1	dominant seventh chord	(1, 3, 7, 10)	E-	Eb	Eb	A-	5	4	V7	True
594.0	199	0	3.0	268	IV	IV	True	('A-', 'C', 'E-')	A-	A-	0	major triad	(0, 3, 8)	E-	Eb	Eb	E-	4	None	IV	True
597.0	200	0	1.5	269	I64	Cad	True	('B-', 'E-', 'G')	B-	B-	0	major triad	(3, 7, 10)	E-	Eb	Eb	E-	5	None	Cad	True
598.5	200	3/8	1.5	270	V7	V7	True	('B-', 'D', 'F', 'A-')	B-	B-	0	dominant seventh chord	(2, 5, 8, 10)	E-	Eb	Eb	E-	5	None	V7	True
600.0	201	0	3.0	271	I	I	True	('E-', 'G', 'B-')	E-	E-	0	major triad	(3, 7, 10)	E-	Eb	Eb	E-	1	None	I	True
603.0	202	0	1.5	272	I	I	True	('E-', 'G', 'B-')	E-	E-	0	major triad	(3, 7, 10)	E-	Eb	Eb	E-	1	None	I	True
604.5	202	3/8	1.5	273	I6	I	True	('C', 'E-', 'A-')	C	A-	1	major triad	(0, 3, 8)	A-	Ab	Eb	A-	1	None	I	True
606.0	203	0	1.5	274	V6	V	True	('G', 'B-', 'E-')	G	E-	1	major triad	(3, 7, 10)	A-	Ab	Eb	A-	5	None	V	True
607.5	203	3/8	1.5	275	I6	I	True	('C', 'E-', 'A-')	C	A-	1	major triad	(0, 3, 8)	A-	Ab	Eb	A-	1	None	I	True
609.0	204	0	3.0	276	V7	V7	True	('E-', 'G', 'B-', 'D-')	E-	E-	0	dominant seventh chord	(1, 3, 7, 10)	A-	Ab	Eb	A-	5	None	V7	True
612.0	205	0	1.5	277	I	I	True	('A-', 'C', 'E-')	A-	A-	0	major triad	(0, 3, 8)	A-	Ab	Eb	A-	1	None	I	True
613.5	205	3/8	1.5	278	V43	V7	True	('B-', 'D-', 'E-', 'G')	B-	E-	2	dominant seventh chord	(1, 3, 7, 10)	A-	Ab	Eb	A-	5	None	V7	True
615.0	206	0	3.0	279	V43	V7	True	('B-', 'D-', 'E-', 'G')	B-	E-	2	dominant seventh chord	(1, 3, 7, 10)	A-	Ab	Eb	A-	5	None	V7	True
618.0	207	0	3.0	280	V43	V7	True	('B-', 'D-', 'E-', 'G')	B-	E-	2	dominant seventh chord	(1, 3, 7, 10)	A-	Ab	Eb	A-	5	None	V7	True
621.0	208	0	3.0	281	V65	V7	True	('G', 'B-', 'D-', 'E-')	G	E-	1	dominant seventh chord	(1, 3, 7, 10)	A-	Ab	Eb	A-	5	None	V7	True
624.0	209	0	1.5	282	I	I	True	('A-', 'C', 'E-')	A-	A-	0	major triad	(0, 3, 8)	A-	Ab	Eb	A-	1	None	I	True
625.5	209	3/8	1.5	283	V43	V7	True	('B-', 'D-', 'E-', 'G')	B-	E-	2	dominant seventh chord	(1, 3, 7, 10)	A-	Ab	Eb	A-	5	None	V7	True
627.0	210	0	3.0	284	V43	V7	True	('B-', 'D-', 'E-', 'G')	B-	E-	2	dominant seventh chord	(1, 3, 7, 10)	A-	Ab	Eb	A-	5	None	V7	True
630.0	211	0	3.0	285	V43	V7	True	('B-', 'D-', 'E-', 'G')	B-	E-	2	dominant seventh chord	(1, 3, 7, 10)	A-	Ab	Eb	A-	5	None	V7	True
633.0	212	0	3.0	286	V65	V7	True	('G', 'B-', 'D-', 'E-')	G	E-	1	dominant seventh chord	(1, 3, 7, 10)	A-	Ab	Eb	A-	5	None	V7	True
636.0	213	0	3.0	287	I	I	True	('A-', 'C', 'E-')	A-	A-	0	major triad	(0, 3, 8)	A-	Ab	Eb	A-	1	None	I	True
639.0	214	0	3.0	288	I	I	True	('A-', 'C', 'E-')	A-	A-	0	major triad	(0, 3, 8)	A-	Ab	Eb	A-	1	None	I	True
642.0	215	0	3.0	289	V7	V7	True	('B-', 'D', 'F', 'A-')	B-	B-	0	dominant seventh chord	(2, 5, 8, 10)	e-	eb	Eb	e-	5	None	V7	True
645.0	216	0	3.0	290	i64	Cad	True	('B-', 'E-', 'G-')	B-	B-	0	major triad	(3, 6, 10)	e-	eb	Eb	e-	5	None	Cad	True
648.0	217	0	3.0	291	V7	V7	True	('B-', 'D', 'F', 'A-')	B-	B-	0	dominant seventh chord	(2, 5, 8, 10)	e-	eb	Eb	e-	5	None	V7	True
651.0	218	0	3.0	292	i	i	True	('E-', 'G-', 'B-')	E-	E-	0	minor triad	(3, 6, 10)	e-	eb	Eb	e-	1	None	i	True
654.0	219	0	3.0	293	V	V	True	('B-', 'D', 'F')	B-	B-	0	major triad	(2, 5, 10)	E-	Eb	Eb	E-	5	None	V	True
657.0	220	0	3.0	294	V	V	True	('B-', 'D', 'F')	B-	B-	0	major triad	(2, 5, 10)	E-	Eb	Eb	E-	5	None	V	True
660.0	221	0	3.0	295	V7	V7	True	('B-', 'D', 'F', 'A-')	B-	B-	0	dominant seventh chord	(2, 5, 8, 10)	E-	Eb	Eb	E-	5	None	V7	True
663.0	222	0	1.5	296	V7	V7	True	('B-', 'D', 'F', 'A-')	B-	B-	0	dominant seventh chord	(2, 5, 8, 10)	E-	Eb	Eb	E-	5	None	V7	True
664.5	222	3/8	1.5	297	I	I	True	('E-', 'G', 'B-')	E-	E-	0	major triad	(3, 7, 10)	E-	Eb	Eb	E-	1	None	I	True
666.0	223	0	3.0	298	V7	V7	True	('B-', 'D', 'F', 'A-')	B-	B-	0	dominant seventh chord	(2, 5, 8, 10)	E-	Eb	Eb	E-	5	None	V7	True
669.0	224	0	1.5	299	V7	V7	True	('B-', 'D', 'F', 'A-')	B-	B-	0	dominant seventh chord	(2, 5, 8, 10)	E-	Eb	Eb	E-	5	None	V7	True
670.5	224	3/8	1.5	300	I	I	True	('E-', 'G', 'B-')	E-	E-	0	major triad	(3, 7, 10)	E-	Eb	Eb	E-	1	None	I	True
672.0	225	0	1.5	301	viio6/vi	viio/vi	True	('D', 'F', 'B')	D	B	1	diminished triad	(2, 5, 11)	E-	Eb	Eb	c	#7	6	viio	True
673.5	225	3/8	1.5	302	vi	vi	True	('C', 'E-', 'G')	C	C	0	minor triad	(0, 3, 7)	E-	Eb	Eb	E-	6	None	vi	True
675.0	226	0	1.5	303	viio6/IV	viio/IV	True	('B-', 'D-', 'G')	B-	G	1	diminished triad	(1, 7, 10)	E-	Eb	Eb	A-	7	4	viio	True
676.5	226	3/8	1.5	304	IV	IV	True	('A-', 'C', 'E-')	A-	A-	0	major triad	(0, 3, 8)	E-	Eb	Eb	E-	4	None	IV	True
678.0	227	0	1.5	305	viio6/ii	viio/ii	True	('G', 'B-', 'E')	G	E	1	diminished triad	(4, 7, 10)	E-	Eb	Eb	f	#7	2	viio	True
679.5	227	3/8	1.5	306	ii	ii	True	('F', 'A-', 'C')	F	F	0	minor triad	(0, 5, 8)	E-	Eb	Eb	E-	2	None	ii	True
681.0	228	0	1.5	307	I64	Cad	True	('B-', 'E-', 'G')	B-	B-	0	major triad	(3, 7, 10)	E-	Eb	Eb	E-	5	None	Cad	True
682.5	228	3/8	1.5	308	V7	V7	True	('B-', 'D', 'F', 'A-')	B-	B-	0	dominant seventh chord	(2, 5, 8, 10)	E-	Eb	Eb	E-	5	None	V7	True
684.0	229	0	3.0	309	I	I	True	('E-', 'G', 'B-')	E-	E-	0	major triad	(3, 7, 10)	E-	Eb	Eb	E-	1	None	I	True
687.0	230	0	3.0	310	I	I	True	('E-', 'G', 'B-')	E-	E-	0	major triad	(3, 7, 10)	E-	Eb	Eb	E-	1	None	I	True
690.0	231	0	3.0	311	V7	V7	True	('B-', 'D', 'F', 'A-')	B-	B-	0	dominant seventh chord	(2, 5, 8, 10)	E-	Eb	Eb	E-	5	None	V7	True
693.0	232	0	1.5	312	V7	V7	True	('B-', 'D', 'F', 'A-')	B-	B-	0	dominant seventh chord	(2, 5, 8, 10)	E-	Eb	Eb	E-	5	None	V7	True
694.5	232	3/8	1.5	313	I	I	True	('E-', 'G', 'B-')	E-	E-	0	major triad	(3, 7, 10)	E-	Eb	Eb	E-	1	None	I	True
696.0	233	0	3.0	314	V7	V7	True	('B-', 'D', 'F', 'A-')	B-	B-	0	dominant seventh chord	(2, 5, 8, 10)	E-	Eb	Eb	E-	5	None	V7	True
699.0	234	0	1.5	315	V7	V7	True	('B-', 'D', 'F', 'A-')	B-	B-	0	dominant seventh chord	(2, 5, 8, 10)	E-	Eb	Eb	E-	5	None	V7	True
700.5	234	3/8	1.5	316	I	I	True	('E-', 'G', 'B-')	E-	E-	0	major triad	(3, 7, 10)	E-	Eb	Eb	E-	1	None	I	True
702.0	235	0	1.5	317	viio6/vi	viio/vi	True	('D', 'F', 'B')	D	B	1	diminished triad	(2, 5, 11)	E-	Eb	Eb	c	#7	6	viio	True
703.5	235	3/8	1.5	318	vi	vi	True	('C', 'E-', 'G')	C	C	0	minor triad	(0, 3, 7)	E-	Eb	Eb	E-	6	None	vi	True
705.0	236	0	1.5	319	viio6/IV	viio/IV	True	('B-', 'D-', 'G')	B-	G	1	diminished triad	(1, 7, 10)	E-	Eb	Eb	A-	7	4	viio	True
706.5	236	3/8	1.5	320	IV	IV	True	('A-', 'C', 'E-')	A-	A-	0	major triad	(0, 3, 8)	E-	Eb	Eb	E-	4	None	IV	True
708.0	237	0	1.5	321	viio6/ii	viio/ii	True	('G', 'B-', 'E')	G	E	1	diminished triad	(4, 7, 10)	E-	Eb	Eb	f	#7	2	viio	True
709.5	237	3/8	1.5	322	ii7	ii7	True	('F', 'A-', 'C', 'E-')	F	F	0	minor seventh chord	(0, 3, 5, 8)	E-	Eb	Eb	E-	2	None	ii7	True
711.0	238	0	1.5	323	I64	Cad	True	('B-', 'E-', 'G')	B-	B-	0	major triad	(3, 7, 10)	E-	Eb	Eb	E-	5	None	Cad	True
712.5	238	3/8	1.5	324	V7	V7	True	('B-', 'D', 'F', 'A-')	B-	B-	0	dominant seventh chord	(2, 5, 8, 10)	E-	Eb	Eb	E-	5	None	V7	True
714.0	239	0	3.0	325	I	I	True	('E-', 'G', 'B-')	E-	E-	0	major triad	(3, 7, 10)	E-	Eb	Eb	E-	1	None	I	True
717.0	240	0	1.5	326	V43	V7	True	('F', 'A-', 'B-', 'D')	F	B-	2	dominant seventh chord	(2, 5, 8, 10)	E-	Eb	Eb	E-	5	None	V7	True
718.5	240	3/8	1.5	327	I6	I	True	('G', 'B-', 'E-')	G	E-	1	major triad	(3, 7, 10)	E-	Eb	Eb	E-	1	None	I	True
720.0	241	0	1.5	328	ii6	ii	True	('A-', 'C', 'F')	A-	F	1	minor triad	(0, 5, 8)	E-	Eb	Eb	E-	2	None	ii	True
721.5	241	3/8	1.5	329	ii	ii	True	('F', 'A-', 'C')	F	F	0	minor triad	(0, 5, 8)	E-	Eb	Eb	E-	2	None	ii	True
723.0	242	0	1.5	330	V43/ii	V7/ii	True	('G', 'B-', 'C', 'E')	G	C	2	dominant seventh chord	(0, 4, 7, 10)	E-	Eb	Eb	f	5	2	V7	True
724.5	242	3/8	1.5	331	ii6	ii	True	('A-', 'C', 'F')	A-	F	1	minor triad	(0, 5, 8)	E-	Eb	Eb	E-	2	None	ii	True
726.0	243	0	3.0	332	V	V	True	('B-', 'D', 'F')	B-	B-	0	major triad	(2, 5, 10)	E-	Eb	Eb	E-	5	None	V	True
729.0	244	0	1.5	333	viio6/V	viio/V	True	('C', 'E-', 'A')	C	A	1	diminished triad	(0, 3, 9)	E-	Eb	Eb	B-	7	5	viio	True
730.5	244	3/8	1.5	334	V65	V7	True	('D', 'F', 'A-', 'B-')	D	B-	1	dominant seventh chord	(2, 5, 8, 10)	E-	Eb	Eb	E-	5	None	V7	True
732.0	245	0	1.5	335	I	I	True	('E-', 'G', 'B-')	E-	E-	0	major triad	(3, 7, 10)	E-	Eb	Eb	E-	1	None	I	True
733.5	245	3/8	1.5	336	V6	V	True	('D', 'F', 'B-')	D	B-	1	major triad	(2, 5, 10)	E-	Eb	Eb	E-	5	None	V	True
735.0	246	0	1.5	337	vi7	vi7	True	('C', 'E-', 'G', 'B-')	C	C	0	minor seventh chord	(0, 3, 7, 10)	E-	Eb	Eb	E-	6	None	vi7	True
736.5	246	3/8	1.5	338	V7/V	V7/V	True	('F', 'A', 'C', 'E-')	F	F	0	dominant seventh chord	(0, 3, 5, 9)	E-	Eb	Eb	B-	5	5	V7	True
738.0	247	0	1.5	339	V	V	True	('B-', 'D', 'F')	B-	B-	0	major triad	(2, 5, 10)	E-	Eb	Eb	E-	5	None	V	True
739.5	247	3/8	1.5	340	I	I	True	('E-', 'G', 'B-')	E-	E-	0	major triad	(3, 7, 10)	E-	Eb	Eb	E-	1	None	I	True
741.0	248	0	1.5	341	V43	V7	True	('F', 'A-', 'B-', 'D')	F	B-	2	dominant seventh chord	(2, 5, 8, 10)	E-	Eb	Eb	E-	5	None	V7	True
742.5	248	3/8	1.5	342	I6	I	True	('G', 'B-', 'E-')	G	E-	1	major triad	(3, 7, 10)	E-	Eb	Eb	E-	1	None	I	True
744.0	249	0	1.5	343	ii6	ii	True	('A-', 'C', 'F')	A-	F	1	minor triad	(0, 5, 8)	E-	Eb	Eb	E-	2	None	ii	True
745.5	249	3/8	1.5	344	ii	ii	True	('F', 'A-', 'C')	F	F	0	minor triad	(0, 5, 8)	E-	Eb	Eb	E-	2	None	ii	True
747.0	250	0	1.5	345	V43/ii	V7/ii	True	('G', 'B-', 'C', 'E')	G	C	2	dominant seventh chord	(0, 4, 7, 10)	E-	Eb	Eb	f	5	2	V7	True
748.5	250	3/8	1.5	346	ii6	ii	True	('A-', 'C', 'F')	A-	F	1	minor triad	(0, 5, 8)	E-	Eb	Eb	E-	2	None	ii	True
750.0	251	0	3.0	347	V	V	True	('B-', 'D', 'F')	B-	B-	0	major triad	(2, 5, 10)	E-	Eb	Eb	E-	5	None	V	True
753.0	252	0	1.5	348	viio/V	viio/V	True	('A', 'C', 'E-')	A	A	0	diminished triad	(0, 3, 9)	E-	Eb	Eb	B-	7	5	viio	True
754.5	252	3/8	1.5	349	V42	V7	True	('A-', 'B-', 'D', 'F')	A-	B-	3	dominant seventh chord	(2, 5, 8, 10)	E-	Eb	Eb	E-	5	None	V7	True
756.0	253	0	1.5	350	I6	I	True	('G', 'B-', 'E-')	G	E-	1	major triad	(3, 7, 10)	E-	Eb	Eb	E-	1	None	I	True
757.5	253	3/8	1.5	351	I64	Cad	True	('B-', 'E-', 'G')	B-	B-	0	major triad	(3, 7, 10)	E-	Eb	Eb	E-	5	None	Cad	True
759.0	254	0	1.5	352	V7	V7	True	('B-', 'D', 'F', 'A-')	B-	B-	0	dominant seventh chord	(2, 5, 8, 10)	E-	Eb	Eb	E-	5	None	V7	True
760.5	254	3/8	1.5	353	vi6	vi	True	('E-', 'G', 'C')	E-	C	1	minor triad	(0, 3, 7)	E-	Eb	Eb	E-	6	None	vi	True
762.0	255	0	1.5	354	V	V	True	('B-', 'D', 'F')	B-	B-	0	major triad	(2, 5, 10)	E-	Eb	Eb	E-	5	None	V	True
763.5	255	3/8	1.5	355	IV6	IV	True	('C', 'E-', 'A-')	C	A-	1	major triad	(0, 3, 8)	E-	Eb	Eb	E-	4	None	IV	True
765.0	256	0	1.5	356	iii6	iii	True	('B-', 'D', 'G')	B-	G	1	minor triad	(2, 7, 10)	E-	Eb	Eb	E-	3	None	iii	True
766.5	256	3/8	1.5	357	ii6	ii	True	('A-', 'C', 'F')	A-	F	1	minor triad	(0, 5, 8)	E-	Eb	Eb	E-	2	None	ii	True
768.0	257	0	1.5	358	I6	I	True	('G', 'B-', 'E-')	G	E-	1	major triad	(3, 7, 10)	E-	Eb	Eb	E-	1	None	I	True
769.5	257	3/8	1.5	359	V	V	True	('B-', 'D', 'F')	B-	B-	0	major triad	(2, 5, 10)	E-	Eb	Eb	E-	5	None	V	True
771.0	258	0	1.5	360	vi6	vi	True	('E-', 'G', 'C')	E-	C	1	minor triad	(0, 3, 7)	E-	Eb	Eb	E-	6	None	vi	True
772.5	258	3/8	1.5	361	V	V	True	('B-', 'D', 'F')	B-	B-	0	major triad	(2, 5, 10)	E-	Eb	Eb	E-	5	None	V	True
774.0	259	0	3.0	362	viio7/vi	viio7/vi	True	('C#', 'E', 'G', 'B-')	C#	C#	0	diminished seventh chord	(1, 4, 7, 10)	F	F	Eb	d	#7	6	viio7	True
777.0	260	0	3.0	363	viio7/vi	viio7/vi	True	('C#', 'E', 'G', 'B-')	C#	C#	0	diminished seventh chord	(1, 4, 7, 10)	F	F	Eb	d	#7	6	viio7	True
780.0	261	0	3.0	364	I64	Cad	True	('C', 'F', 'A')	C	C	0	major triad	(0, 5, 9)	F	F	Eb	F	5	None	Cad	True
783.0	262	0	3.0	365	V7	V7	True	('C', 'E', 'G', 'B-')	C	C	0	dominant seventh chord	(0, 4, 7, 10)	F	F	Eb	F	5	None	V7	True
786.0	263	0	3.0	366	I64	Cad	True	('C', 'F', 'A')	C	C	0	major triad	(0, 5, 9)	F	F	Eb	F	5	None	Cad	True
789.0	264	0	3.0	367	V7	V7	True	('C', 'E', 'G', 'B-')	C	C	0	dominant seventh chord	(0, 4, 7, 10)	F	F	Eb	F	5	None	V7	True
792.0	265	0	3.0	368	I64	Cad	True	('C', 'F', 'A')	C	C	0	major triad	(0, 5, 9)	F	F	Eb	F	5	None	Cad	True
795.0	266	0	3.0	369	V7	V7	True	('C', 'E', 'G', 'B-')	C	C	0	dominant seventh chord	(0, 4, 7, 10)	F	F	Eb	F	5	None	V7	True
798.0	267	0	3.0	370	I64	Cad	True	('C', 'F', 'A')	C	C	0	major triad	(0, 5, 9)	F	F	Eb	F	5	None	Cad	True
801.0	268	0	3.0	371	V7	V7	True	('C', 'E', 'G', 'B-')	C	C	0	dominant seventh chord	(0, 4, 7, 10)	F	F	Eb	F	5	None	V7	True
804.0	269	0	1.5	372	I	I	True	('F', 'A', 'C')	F	F	0	major triad	(0, 5, 9)	F	F	Eb	F	1	None	I	True
805.5	269	3/8	1.5	373	V42/V	V7/V	True	('E-', 'F', 'A', 'C')	E-	F	3	dominant seventh chord	(0, 3, 5, 9)	E-	Eb	Eb	B-	5	5	V7	True
807.0	270	0	1.5	374	V65	V7	True	('D', 'F', 'A-', 'B-')	D	B-	1	dominant seventh chord	(2, 5, 8, 10)	E-	Eb	Eb	E-	5	None	V7	True
808.5	270	3/8	1.5	375	I	I	True	('E-', 'G', 'B-')	E-	E-	0	major triad	(3, 7, 10)	E-	Eb	Eb	E-	1	None	I	True
810.0	271	0	1.5	376	V65/vi	V7/vi	True	('B', 'D', 'F', 'G')	B	G	1	dominant seventh chord	(2, 5, 7, 11)	E-	Eb	Eb	c	5	6	V7	True
811.5	271	3/8	1.5	377	vi	vi	True	('C', 'E-', 'G')	C	C	0	minor triad	(0, 3, 7)	E-	Eb	Eb	E-	6	None	vi	True
813.0	272	0	1.5	378	ii6	ii	True	('A-', 'C', 'F')	A-	F	1	minor triad	(0, 5, 8)	E-	Eb	Eb	E-	2	None	ii	True
814.5	272	3/8	1.5	379	V	V	True	('B-', 'D', 'F')	B-	B-	0	major triad	(2, 5, 10)	E-	Eb	Eb	E-	5	None	V	True
816.0	273	0	3.0	380	I	I	True	('E-', 'G', 'B-')	E-	E-	0	major triad	(3, 7, 10)	E-	Eb	Eb	E-	1	None	I	True
819.0	274	0	3.0	381	I	I	True	('E-', 'G', 'B-')	E-	E-	0	major triad	(3, 7, 10)	E-	Eb	Eb	E-	1	None	I	True
822.0	275	0	3.0	382	I	I	True	('E-', 'G', 'B-')	E-	E-	0	major triad	(3, 7, 10)	E-	Eb	Eb	E-	1	None	I	True
825.0	276	0	3.0	383	I	I	True	('E-', 'G', 'B-')	E-	E-	0	major triad	(3, 7, 10)	E-	Eb	Eb	E-	1	None	I	True
828.0	277	0	3.0	384	vi	vi	True	('C', 'E-', 'G')	C	C	0	minor triad	(0, 3, 7)	E-	Eb	Eb	E-	6	None	vi	True
831.0	278	0	3.0	385	Ger65	Ger7	True	('C-', 'E-', 'G-', 'A')	C-	A	1	German augmented sixth chord	(3, 6, 9, 11)	E-	Eb	Eb	E-	#4	None	Ger7	True
834.0	279	0	3.0	386	I64	Cad	True	('B-', 'E-', 'G')	B-	B-	0	major triad	(3, 7, 10)	E-	Eb	Eb	E-	5	None	Cad	True
837.0	280	0	3.0	387	V7	V7	True	('B-', 'D', 'F', 'A-')	B-	B-	0	dominant seventh chord	(2, 5, 8, 10)	E-	Eb	Eb	E-	5	None	V7	True
840.0	281	0	3.0	388	I	I	True	('E-', 'G', 'B-')	E-	E-	0	major triad	(3, 7, 10)	E-	Eb	Eb	E-	1	None	I	True
843.0	282	0	3.0	389	I	I	True	('E-', 'G', 'B-')	E-	E-	0	major triad	(3, 7, 10)	E-	Eb	Eb	E-	1	None	I	True
846.0	283	0	3.0	390	I	I	True	('E-', 'G', 'B-')	E-	E-	0	major triad	(3, 7, 10)	E-	Eb	Eb	E-	1	None	I	True
849.0	284	0	3.0	391	I	I	True	('E-', 'G', 'B-')	E-	E-	0	major triad	(3, 7, 10)	E-	Eb	Eb	E-	1	None	I	True
852.0	285	0	3.0	392	vi	vi	True	('C', 'E-', 'G')	C	C	0	minor triad	(0, 3, 7)	E-	Eb	Eb	E-	6	None	vi	True
855.0	286	0	3.0	393	It6	It	True	('C-', 'E-', 'A')	C-	A	1	Italian augmented sixth chord	(3, 9, 11)	E-	Eb	Eb	E-	#4	None	It	True
858.0	287	0	3.0	394	I64	I	True	('B-', 'E-', 'G')	B-	E-	2	major triad	(3, 7, 10)	E-	Eb	Eb	E-	1	None	I	True
861.0	288	0	3.0	395	V65/V	V7/V	True	('A', 'C', 'E-', 'F')	A	F	1	dominant seventh chord	(0, 3, 5, 9)	E-	Eb	Eb	B-	5	5	V7	True
864.0	289	0	3.0	396	I64	Cad	True	('B-', 'E-', 'G')	B-	B-	0	major triad	(3, 7, 10)	E-	Eb	Eb	E-	5	None	Cad	True
867.0	290	0	1.5	397	I64	Cad	True	('B-', 'E-', 'G')	B-	B-	0	major triad	(3, 7, 10)	E-	Eb	Eb	E-	5	None	Cad	True
868.5	290	3/8	1.5	398	V7	V7	True	('B-', 'D', 'F', 'A-')	B-	B-	0	dominant seventh chord	(2, 5, 8, 10)	E-	Eb	Eb	E-	5	None	V7	True
870.0	291	0	3.0	399	I	I	True	('E-', 'G', 'B-')	E-	E-	0	major triad	(3, 7, 10)	E-	Eb	Eb	E-	1	None	I	True
873.0	292	0	1.5	400	viio42/IV	viio7/IV	True	('F-', 'G', 'B-', 'D-')	F-	G	3	diminished seventh chord	(1, 4, 7, 10)	E-	Eb	Eb	A-	7	4	viio7	True
874.5	292	3/8	1.5	401	I	I	True	('E-', 'G', 'B-')	E-	E-	0	major triad	(3, 7, 10)	E-	Eb	Eb	E-	1	None	I	True
876.0	293	0	1.5	402	viio43/IV	viio7/IV	True	('D-', 'F-', 'G', 'B-')	D-	G	2	diminished seventh chord	(1, 4, 7, 10)	E-	Eb	Eb	A-	7	4	viio7	True
877.5	293	3/8	1.5	403	I	I	True	('E-', 'G', 'B-')	E-	E-	0	major triad	(3, 7, 10)	E-	Eb	Eb	E-	1	None	I	True
879.0	294	0	1.5	404	viio42/IV	viio7/IV	True	('F-', 'G', 'B-', 'D-')	F-	G	3	diminished seventh chord	(1, 4, 7, 10)	E-	Eb	Eb	A-	7	4	viio7	True
880.5	294	3/8	1.5	405	viio43/IV	viio7/IV	True	('D-', 'F-', 'G', 'B-')	D-	G	2	diminished seventh chord	(1, 4, 7, 10)	E-	Eb	Eb	A-	7	4	viio7	True
882.0	295	0	1.5	406	IV6	IV	True	('C', 'E-', 'A-')	C	A-	1	major triad	(0, 3, 8)	E-	Eb	Eb	E-	4	None	IV	True
883.5	295	3/8	1.5	407	bVII	bVII	True	('D-', 'F', 'A-')	D-	D-	0	major triad	(1, 5, 8)	E-	Eb	Eb	E-	-7	None	bVII	True
885.0	296	0	1.5	408	IV64	IV	True	('E-', 'A-', 'C')	E-	A-	2	major triad	(0, 3, 8)	E-	Eb	Eb	E-	4	None	IV	True
886.5	296	3/8	1.5	409	iv64	iv	True	('E-', 'A-', 'C-')	E-	A-	2	minor triad	(3, 8, 11)	E-	Eb	Eb	E-	4	None	iv	True
888.0	297	0	1.5	410	viio7	viio7	True	('D', 'F', 'A-', 'C-')	D	D	0	diminished seventh chord	(2, 5, 8, 11)	E-	Eb	Eb	E-	7	None	viio7	True
889.5	297	3/8	1.5	411	V65	V7	True	('D', 'F', 'A-', 'B-')	D	B-	1	dominant seventh chord	(2, 5, 8, 10)	E-	Eb	Eb	E-	5	None	V7	True
891.0	298	0	3.0	412	V65	V7	True	('D', 'F', 'A-', 'B-')	D	B-	1	dominant seventh chord	(2, 5, 8, 10)	E-	Eb	Eb	E-	5	None	V7	True
894.0	299	0	3.0	413	I	I	True	('E-', 'G', 'B-')	E-	E-	0	major triad	(3, 7, 10)	E-	Eb	Eb	E-	1	None	I	True
897.0	300	0	1.5	414	viio7/IV	viio7/IV	True	('G', 'B-', 'D-', 'F-')	G	G	0	diminished seventh chord	(1, 4, 7, 10)	E-	Eb	Eb	A-	7	4	viio7	True
898.5	300	3/8	1.5	415	I	I	True	('E-', 'G', 'B-')	E-	E-	0	major triad	(3, 7, 10)	E-	Eb	Eb	E-	1	None	I	True
900.0	301	0	1.5	416	V65/IV	V7/IV	True	('G', 'B-', 'D-', 'E-')	G	E-	1	dominant seventh chord	(1, 3, 7, 10)	E-	Eb	Eb	A-	5	4	V7	True
901.5	301	3/8	1.5	417	I	I	True	('E-', 'G', 'B-')	E-	E-	0	major triad	(3, 7, 10)	E-	Eb	Eb	E-	1	None	I	True
903.0	302	0	1.5	418	viio7/IV	viio7/IV	True	('G', 'B-', 'D-', 'F-')	G	G	0	diminished seventh chord	(1, 4, 7, 10)	E-	Eb	Eb	A-	7	4	viio7	True
904.5	302	3/8	1.5	419	V65/IV	V7/IV	True	('G', 'B-', 'D-', 'E-')	G	E-	1	dominant seventh chord	(1, 3, 7, 10)	E-	Eb	Eb	A-	5	4	V7	True
906.0	303	0	1.5	420	IV	IV	True	('A-', 'C', 'E-')	A-	A-	0	major triad	(0, 3, 8)	E-	Eb	Eb	E-	4	None	IV	True
907.5	303	3/8	1.5	421	iv	iv	True	('A-', 'C-', 'E-')	A-	A-	0	minor triad	(3, 8, 11)	E-	Eb	Eb	E-	4	None	iv	True
909.0	304	0	3.0	422	I	I	True	('E-', 'G', 'B-')	E-	E-	0	major triad	(3, 7, 10)	E-	Eb	Eb	E-	1	None	I	True
912.0	305	0	1.5	423	ii7	ii7	True	('F', 'A-', 'C', 'E-')	F	F	0	minor seventh chord	(0, 3, 5, 8)	E-	Eb	Eb	E-	2	None	ii7	True
913.5	305	3/8	1.5	424	viio6	viio	True	('F', 'A-', 'D')	F	D	1	diminished triad	(2, 5, 8)	E-	Eb	Eb	E-	7	None	viio	True
915.0	306	0	1.5	425	V64	V	True	('F', 'B-', 'D')	F	B-	2	major triad	(2, 5, 10)	E-	Eb	Eb	E-	5	None	V	True
916.5	306	3/8	1.5	426	viio65	viio7	True	('F', 'A-', 'C-', 'D')	F	D	1	diminished seventh chord	(2, 5, 8, 11)	E-	Eb	Eb	E-	7	None	viio7	True
918.0	307	0	3.0	427	I	I	True	('E-', 'G', 'B-')	E-	E-	0	major triad	(3, 7, 10)	E-	Eb	Eb	E-	1	None	I	True
921.0	308	0	1.0	428	I	I	True	('E-', 'G', 'B-')	E-	E-	0	major triad	(3, 7, 10)	E-	Eb	Eb	E-	1	None	I	True
922.0	308	1/4	2.0	429	V7	V7	True	('B-', 'D', 'F', 'A-')	B-	B-	0	dominant seventh chord	(2, 5, 8, 10)	E-	Eb	Eb	E-	5	None	V7	True
924.0	309	0	3.0	430	I	I	True	('E-', 'G', 'B-')	E-	E-	0	major triad	(3, 7, 10)	E-	Eb	Eb	E-	1	None	I	True
927.0	310	0	1.0	431	I	I	True	('E-', 'G', 'B-')	E-	E-	0	major triad	(3, 7, 10)	E-	Eb	Eb	E-	1	None	I	True
928.0	310	1/4	2.0	432	V7	V7	True	('B-', 'D', 'F', 'A-')	B-	B-	0	dominant seventh chord	(2, 5, 8, 10)	E-	Eb	Eb	E-	5	None	V7	True
930.0	311	0	3.0	433	I	I	True	('E-', 'G', 'B-')	E-	E-	0	major triad	(3, 7, 10)	E-	Eb	Eb	E-	1	None	I	True
933.0	312	0	1.0	434	I	I	True	('E-', 'G', 'B-')	E-	E-	0	major triad	(3, 7, 10)	E-	Eb	Eb	E-	1	None	I	True
934.0	312	1/4	2.0	435	V7	V7	True	('B-', 'D', 'F', 'A-')	B-	B-	0	dominant seventh chord	(2, 5, 8, 10)	E-	Eb	Eb	E-	5	None	V7	True
936.0	313	0	3.0	436	viio7/vi	viio7/vi	True	('B', 'D', 'F', 'A-')	B	B	0	diminished seventh chord	(2, 5, 8, 11)	E-	Eb	Eb	c	#7	6	viio7	True
939.0	314	0	3.0	437	viio7/vi	viio7/vi	True	('B', 'D', 'F', 'A-')	B	B	0	diminished seventh chord	(2, 5, 8, 11)	E-	Eb	Eb	c	#7	6	viio7	True
942.0	315	0	3.0	438	vi	vi	True	('C', 'E-', 'G')	C	C	0	minor triad	(0, 3, 7)	E-	Eb	Eb	E-	6	None	vi	True
945.0	316	0	2.5	439	vi	vi	True	('C', 'E-', 'G')	C	C	0	minor triad	(0, 3, 7)	E-	Eb	Eb	E-	6	None	vi	True
947.5	316	5/8	0.5	440	V7/ii	V7/ii	True	('C', 'E', 'G', 'B-')	C	C	0	dominant seventh chord	(0, 4, 7, 10)	E-	Eb	Eb	f	5	2	V7	True
948.0	317	0	3.0	441	ii	ii	True	('F', 'A-', 'C')	F	F	0	minor triad	(0, 5, 8)	E-	Eb	Eb	E-	2	None	ii	True
951.0	318	0	2.5	442	ii	ii	True	('F', 'A-', 'C')	F	F	0	minor triad	(0, 5, 8)	E-	Eb	Eb	E-	2	None	ii	True
953.5	318	5/8	0.5	443	V42/V	V7/V	True	('E-', 'F', 'A', 'C')	E-	F	3	dominant seventh chord	(0, 3, 5, 9)	E-	Eb	Eb	B-	5	5	V7	True
954.0	319	0	3.0	444	V65	V7	True	('D', 'F', 'A-', 'B-')	D	B-	1	dominant seventh chord	(2, 5, 8, 10)	E-	Eb	Eb	E-	5	None	V7	True
957.0	320	0	3.0	445	V7	V7	True	('B-', 'D', 'F', 'A-')	B-	B-	0	dominant seventh chord	(2, 5, 8, 10)	E-	Eb	Eb	E-	5	None	V7	True
960.0	321	0	3.0	446	V7	V7	True	('B-', 'D', 'F', 'A-')	B-	B-	0	dominant seventh chord	(2, 5, 8, 10)	E-	Eb	Eb	E-	5	None	V7	True
963.0	322	0	3.0	447	V7	V7	True	('B-', 'D', 'F', 'A-')	B-	B-	0	dominant seventh chord	(2, 5, 8, 10)	E-	Eb	Eb	E-	5	None	V7	True
966.0	323	0	1.5	448	I64	I	True	('B-', 'E-', 'G')	B-	E-	2	major triad	(3, 7, 10)	E-	Eb	Eb	E-	1	None	I	True
967.5	323	3/8	1.5	449	I	I	True	('E-', 'G', 'B-')	E-	E-	0	major triad	(3, 7, 10)	E-	Eb	Eb	E-	1	None	I	True
969.0	324	0	1.5	450	V43	V7	True	('F', 'A-', 'B-', 'D')	F	B-	2	dominant seventh chord	(2, 5, 8, 10)	E-	Eb	Eb	E-	5	None	V7	True
970.5	324	3/8	1.5	451	I6	I	True	('G', 'B-', 'E-')	G	E-	1	major triad	(3, 7, 10)	E-	Eb	Eb	E-	1	None	I	True
972.0	325	0	1.5	452	ii6	ii	True	('A-', 'C', 'F')	A-	F	1	minor triad	(0, 5, 8)	E-	Eb	Eb	E-	2	None	ii	True
973.5	325	3/8	1.5	453	ii	ii	True	('F', 'A-', 'C')	F	F	0	minor triad	(0, 5, 8)	E-	Eb	Eb	E-	2	None	ii	True
975.0	326	0	1.5	454	V43/ii	V7/ii	True	('G', 'B-', 'C', 'E')	G	C	2	dominant seventh chord	(0, 4, 7, 10)	E-	Eb	Eb	f	5	2	V7	True
976.5	326	3/8	1.5	455	ii6	ii	True	('A-', 'C', 'F')	A-	F	1	minor triad	(0, 5, 8)	E-	Eb	Eb	E-	2	None	ii	True
978.0	327	0	1.5	456	V	V	True	('B-', 'D', 'F')	B-	B-	0	major triad	(2, 5, 10)	E-	Eb	Eb	E-	5	None	V	True
979.5	327	3/8	1.5	457	I	I	True	('E-', 'G', 'B-')	E-	E-	0	major triad	(3, 7, 10)	E-	Eb	Eb	E-	1	None	I	True
981.0	328	0	1.5	458	viio6	viio	True	('F', 'A-', 'D')	F	D	1	diminished triad	(2, 5, 8)	E-	Eb	Eb	E-	7	None	viio	True
982.5	328	3/8	1.5	459	I6	I	True	('G', 'B-', 'E-')	G	E-	1	major triad	(3, 7, 10)	E-	Eb	Eb	E-	1	None	I	True
984.0	329	0	1.5	460	IV	IV	True	('A-', 'C', 'E-')	A-	A-	0	major triad	(0, 3, 8)	E-	Eb	Eb	E-	4	None	IV	True
985.5	329	3/8	1.5	461	ii	ii	True	('F', 'A-', 'C')	F	F	0	minor triad	(0, 5, 8)	E-	Eb	Eb	E-	2	None	ii	True
987.0	330	0	1.5	462	viio6/ii	viio/ii	True	('G', 'B-', 'E')	G	E	1	diminished triad	(4, 7, 10)	E-	Eb	Eb	f	#7	2	viio	True
988.5	330	3/8	1.5	463	ii6	ii	True	('A-', 'C', 'F')	A-	F	1	minor triad	(0, 5, 8)	E-	Eb	Eb	E-	2	None	ii	True
990.0	331	0	1.5	464	V	V	True	('B-', 'D', 'F')	B-	B-	0	major triad	(2, 5, 10)	E-	Eb	Eb	E-	5	None	V	True
991.5	331	3/8	1.5	465	V7	V7	True	('B-', 'D', 'F', 'A-')	B-	B-	0	dominant seventh chord	(2, 5, 8, 10)	E-	Eb	Eb	E-	5	None	V7	True
993.0	332	0	1.5	466	vi42	vi7	True	('B-', 'C', 'E-', 'G')	B-	C	3	minor seventh chord	(0, 3, 7, 10)	E-	Eb	Eb	E-	6	None	vi7	True
994.5	332	3/8	1.5	467	viio64	viio	True	('A-', 'D', 'F')	A-	D	2	diminished triad	(2, 5, 8)	E-	Eb	Eb	E-	7	None	viio	True
996.0	333	0	1.5	468	I6	I	True	('G', 'B-', 'E-')	G	E-	1	major triad	(3, 7, 10)	E-	Eb	Eb	E-	1	None	I	True
997.5	333	3/8	1.5	469	vi6	vi	True	('E-', 'G', 'C')	E-	C	1	minor triad	(0, 3, 7)	E-	Eb	Eb	E-	6	None	vi	True
999.0	334	0	1.5	470	ii7	ii7	True	('F', 'A-', 'C', 'E-')	F	F	0	minor seventh chord	(0, 3, 5, 8)	E-	Eb	Eb	E-	2	None	ii7	True
1000.5	334	3/8	1.5	471	I6	I	True	('G', 'B-', 'E-')	G	E-	1	major triad	(3, 7, 10)	E-	Eb	Eb	E-	1	None	I	True
1002.0	335	0	1.5	472	IV	IV	True	('A-', 'C', 'E-')	A-	A-	0	major triad	(0, 3, 8)	E-	Eb	Eb	E-	4	None	IV	True
1003.5	335	3/8	1.5	473	I64	I	True	('B-', 'E-', 'G')	B-	E-	2	major triad	(3, 7, 10)	E-	Eb	Eb	E-	1	None	I	True
1005.0	336	0	1.5	474	ii65	ii7	True	('A-', 'C', 'E-', 'F')	A-	F	1	minor seventh chord	(0, 3, 5, 8)	E-	Eb	Eb	E-	2	None	ii7	True
1006.5	336	3/8	1.5	475	I6	I	True	('G', 'B-', 'E-')	G	E-	1	major triad	(3, 7, 10)	E-	Eb	Eb	E-	1	None	I	True
1008.0	337	0	1.5	476	V64	V	True	('F', 'B-', 'D')	F	B-	2	major triad	(2, 5, 10)	E-	Eb	Eb	E-	5	None	V	True
1009.5	337	3/8	1.5	477	IV64	IV	True	('E-', 'A-', 'C')	E-	A-	2	major triad	(0, 3, 8)	E-	Eb	Eb	E-	4	None	IV	True
1011.0	338	0	3.0	478	V65	V7	True	('D', 'F', 'A-', 'B-')	D	B-	1	dominant seventh chord	(2, 5, 8, 10)	E-	Eb	Eb	E-	5	None	V7	True
1014.0	339	0	3.0	479	V7	V7	True	('B-', 'D', 'F', 'A-')	B-	B-	0	dominant seventh chord	(2, 5, 8, 10)	E-	Eb	Eb	E-	5	None	V7	True
1017.0	340	0	3.0	480	V7	V7	True	('B-', 'D', 'F', 'A-')	B-	B-	0	dominant seventh chord	(2, 5, 8, 10)	E-	Eb	Eb	E-	5	None	V7	True
1020.0	341	0	3.0	481	V7	V7	True	('B-', 'D', 'F', 'A-')	B-	B-	0	dominant seventh chord	(2, 5, 8, 10)	E-	Eb	Eb	E-	5	None	V7	True
1023.0	342	0	3.0	482	V7	V7	True	('B-', 'D', 'F', 'A-')	B-	B-	0	dominant seventh chord	(2, 5, 8, 10)	E-	Eb	Eb	E-	5	None	V7	True
1026.0	343	0	3.0	483	V7	V7	True	('B-', 'D', 'F', 'A-')	B-	B-	0	dominant seventh chord	(2, 5, 8, 10)	E-	Eb	Eb	E-	5	None	V7	True
1029.0	344	0	3.0	484	V7	V7	True	('B-', 'D', 'F', 'A-')	B-	B-	0	dominant seventh chord	(2, 5, 8, 10)	E-	Eb	Eb	E-	5	None	V7	True
1032.0	345	0	3.0	485	V7	V7	True	('B-', 'D', 'F', 'A-')	B-	B-	0	dominant seventh chord	(2, 5, 8, 10)	E-	Eb	Eb	E-	5	None	V7	True
1035.0	346	0	1.0	486	V7	V7	True	('B-', 'D', 'F', 'A-')	B-	B-	0	dominant seventh chord	(2, 5, 8, 10)	E-	Eb	Eb	E-	5	None	V7	True
1036.0	346	1/4	2.0	487	viio6/V	viio/V	True	('C', 'E-', 'A')	C	A	1	diminished triad	(0, 3, 9)	E-	Eb	Eb	B-	7	5	viio	True
1038.0	347	0	3.0	488	iii6	iii	True	('B-', 'D', 'G')	B-	G	1	minor triad	(2, 7, 10)	E-	Eb	Eb	E-	3	None	iii	True
1041.0	348	0	1.0	489	ii6	ii	True	('A-', 'C', 'F')	A-	F	1	minor triad	(0, 5, 8)	E-	Eb	Eb	E-	2	None	ii	True
1042.0	348	1/4	2.0	490	viio6/ii	viio/ii	True	('G', 'B-', 'E')	G	E	1	diminished triad	(4, 7, 10)	E-	Eb	Eb	f	#7	2	viio	True
1044.0	349	0	3.0	491	V7	V7	True	('B-', 'D', 'F', 'A-')	B-	B-	0	dominant seventh chord	(2, 5, 8, 10)	E-	Eb	Eb	E-	5	None	V7	True
1047.0	350	0	3.0	492	V7	V7	True	('B-', 'D', 'F', 'A-')	B-	B-	0	dominant seventh chord	(2, 5, 8, 10)	E-	Eb	Eb	E-	5	None	V7	True
1050.0	351	0	3.0	493	I	I	True	('E-', 'G', 'B-')	E-	E-	0	major triad	(3, 7, 10)	E-	Eb	Eb	E-	1	None	I	True
1053.0	352	0	3.0	494	I	I	True	('E-', 'G', 'B-')	E-	E-	0	major triad	(3, 7, 10)	E-	Eb	Eb	E-	1	None	I	True
1056.0	353	0	3.0	495	I	I	True	('E-', 'G', 'B-')	E-	E-	0	major triad	(3, 7, 10)	E-	Eb	Eb	E-	1	None	I	True
1059.0	354	0	3.0	496	I	I	True	('E-', 'G', 'B-')	E-	E-	0	major triad	(3, 7, 10)	E-	Eb	Eb	E-	1	None	I	True
1062.0	355	0	3.0	497	I	I	True	('E-', 'G', 'B-')	E-	E-	0	major triad	(3, 7, 10)	E-	Eb	Eb	E-	1	None	I	True
1065.0	356	0	3.0	498	I	I	True	('E-', 'G', 'B-')	E-	E-	0	major triad	(3, 7, 10)	E-	Eb	Eb	E-	1	None	I	True
1068.0	357	0	3.0	499	I	I	True	('E-', 'G', 'B-')	E-	E-	0	major triad	(3, 7, 10)	E-	Eb	Eb	E-	1	None	I	True
1071.0	358	0	3.0	500	I	I	True	('E-', 'G', 'B-')	E-	E-	0	major triad	(3, 7, 10)	E-	Eb	Eb	E-	1	None	I	True
1074.0	359	0	1.5	501	I	I	True	('E-', 'G', 'B-')	E-	E-	0	major triad	(3, 7, 10)	E-	Eb	Eb	E-	1	None	I	True
1075.5	359	3/8	1.5	502	V7	V7	True	('B-', 'D', 'F', 'A-')	B-	B-	0	dominant seventh chord	(2, 5, 8, 10)	E-	Eb	Eb	E-	5	None	V7	True
1077.0	360	0	1.5	503	I	I	True	('E-', 'G', 'B-')	E-	E-	0	major triad	(3, 7, 10)	E-	Eb	Eb	E-	1	None	I	True
1078.5	360	3/8	1.5	504	V7	V7	True	('B-', 'D', 'F', 'A-')	B-	B-	0	dominant seventh chord	(2, 5, 8, 10)	E-	Eb	Eb	E-	5	None	V7	True
1080.0	361	0	3.0	505	I	I	True	('E-', 'G', 'B-')	E-	E-	0	major triad	(3, 7, 10)	E-	Eb	Eb	E-	1	None	I	True
